title,tag,link,date,description,content
"Overthinking, Kenali Ciri, Penyebab, Dampak, dan Cara Mengatasinya",HIDUP SEHAT,https://www.alodokter.com/overthinking-kenali-ciri-penyebab-dampak-dan-cara-mengatasinya,Terakhir diperbarui: 16 September 2025,"Overthinking adalah kebiasaan memikirkan sesuatu secara berlebihan hingga membuat pikiran lelah. Jika terjadi terus-menerus, kondisi...","Overthinking adalah kebiasaan memikirkan sesuatu secara berlebihan hingga membuat pikiran lelah. Jika terjadi terus-menerus, kondisi ini bisa mengganggu aktivitas sehari-hari dan memicu terjadinya stres dan kecemasan.
Overthinking sering disalahartikan sebagai rasa khawatir atau terlalu berhati-hati dalam mengambil keputusan. Padahal, kondisi ini berbeda. Overthinking terjadi ketika seseorang memikirkan suatu hal secara berlebihan, sehingga keputusan kecil terasa berat dan langkah sederhana menjadi sulit untuk diambil.
Overthinking tidak boleh diabaikan karena kondisi ini bisa membawa dampak buruk terhadap kesehatan mental, bahkan kualitas hidup penderitanya. Oleh karena itu mengenali ciri-ciri, penyebab, dan cara mengatasinya diperlukan agar kondisi ini tidak terjadi berlarut-larut. 
Ciri-Ciri Overthinking yang Perlu Dikenali
Seorang overthinker biasanya tidak langsung menyadari bahwa dirinya memiliki sifat overthinking. Oleh karena itu, kenali ciri-ciri overthinking dengan baik agar kondisi ini tidak terus terjadi. Ciri-ciri overthinking meliputi:
1. Sulit berhenti memikirkan satu masalah
Orang yang overthinking (OVT) sering memikirkan satu persoalan secara berulang, meski sudah mencoba mencari solusi atau mengalihkan perhatian. Akibatnya, waktu dan energi terkuras hanya untuk memikirkan masalah tersebut, sehingga aktivitas menjadi terganggu, bahkan membuat sulit menikmati momen yang sedang terjadi.
2. Sering menyesali keputusan atau kejadian masa lalu
Orang dengan OVT cenderung terus memikirkan kesalahan atau situasi yang sudah terjadi. Penyesalan ini membuatnya sulit untuk move on dan tidak puas terhadap diri sendiri.
3. Sering membayangkan skenario terburuk
Overthinking juga bisa mengakibatkan penderitanya membayangkan kemungkinan buruk yang belum tentu terjadi. Hal ini memicu rasa cemas dan membuat ragu untuk mengambil tindakan.
4. Rasa cemas berlebihan terhadap masa depan
Ciri-ciri overthinking selanjutnya adalah munculnya rasa takut gagal atau khawatir berlebih terhadap masa depan. Pikiran dipenuhi “bagaimana jika” yang membuat sulit mengambil keputusan dengan percaya diri.
5. Gangguan tidur atau sulit berkonsentrasi
Pikiran yang terlalu aktif dapat membuat seorang overthinker sulit tidur atau mendapatkan waktu tidur yang berkualitas. Mereka juga cenderung sulit berkonsentrasi karena otak dipenuhi dengan rasa khawatir berlebih. 
Penyebab Overthinking yang Perlu Diwaspadai
Penyebab overthinking tidak diketahui pasti, tetapi kondisi ini tidak terjadi begitu saja. Ada beberapa faktor yang mengakibatkan seseorang overthinking, yaitu: 
Pengalami traumatis di masa lalu yang meninggalkan luka emosional, sehingga  membuat seseorang mudah cemas
Stres berkepanjangan, baik stres yang berasal dari pekerjaan, keluarga, atau lingkungan sosial
Punya sifat perfeksionis, yang membuat seseorang takut mengalami kegagalan, sehingga terus memikirkan sesuatu secara detail dan berlebihan
Kebiasaan membandingkan diri dengan pencapaian orang lain, yang dapat menurunkan percaya diri dan menimbulkan overthinking
Sulit mengelola emosi sehingga membuat pikiran dipenuhi rasa kekhawatiran 
Dampak Negatif Overthinking pada Kesehatan
Overthinking bukan hanya menguras energi, tetapi juga bisa memberi dampak buruk bagi kesehatan jika terus dibiarkan. Dampak buruk dari overthinking di antaranya adalah:
Menyebabkan aktivitas terhambat karena energi terkuras memikirkan sesuatu, bahkan mengakibatkan kurang tidur.
Menurunkan performa kerja karena sulit fokus dan konsentrasi menurun akibat pikiran dipenuhi dengan rasa khawatir berlebih
Membuat emosi tidak terkontrol hingga mudah panik, marah, insecure, dan menarik diri dari lingkungan sosial
Meningkatkan risiko terkena sakit kepala, nyeri dada, hingga tekanan darah
Merusak hubungan sosial karena overthinking menimbulkan rasa curiga, asumsi negatif,  trust issue, bahkan sulit untuk percaya dengan orang lain
Cara Mengatasi Overthinking secara Efektif
Dampak dari overthinking tidak boleh diabaikan, sehingga kondisi ini perlu untuk diatasi dengan baik. Berikut adalah langkah-langkah yang bisa dilakukan untuk mengatasi overthinking:
Mencari tahu pemicunya
Langkah awal adalah mengenali apa yang memicu overthinking. Setelah tahu penyebabnya, kamu bisa mulai mencari solusi yang tepat. Bila kesulitan, mintalah dukungan keluarga, teman dekat, atau psikolog.
Memberikan batasan waktu untuk mengambil keputusan
Terlalu lama berpikir justru membuat keputusan makin sulit diambil. Cobalah memberi batasan waktu untuk menentukan pilihan, lalu buat daftar prioritas agar pikiran lebih terarah dan fokus.
Mencari pengalihan 
Alihkan perhatian dengan kegiatan positif, seperti menjalani hobi, olahraga, atau meditasi sederhana. Aktivitas ini membantu otak lebih rileks dan tidak terus-menerus terjebak pada sumber kecemasan.
Merangkul rasa takut
Ada hal-hal yang memang di luar kendali kita. Belajar menerima risiko dan menghadapi kemungkinan terburuk bisa membantu membatasi memikirkan sesuatu secara berlebihan.
Menerima kegagalan
Kegagalan bukan tanda akhir, melainkan pelajaran untuk melangkah lebih baik ke depan. Dengan mengubah cara pandang, kamu bisa mengurangi stres dan terbebas dari overthinking.
Itulah penjelasan mengenai overthinking yang perlu dipahami. Jika Anda berisiko untuk mengalami overthinking atau mengalami gejalanya, jangan diabaikan, 
Segera konsultasikan kepada dokter secara langsung atau melalui Chat Bersama Dokter, apalagi jika pikiran tersebut sudah mengganggu aktivitas Anda. dokter akan melakukan pemeriksaan dan mencari solusi yang tepat supaya perilaku overthinking Anda tertangani dengan baik."
"Trauma Healing, Cara Membantu Diri Pulih dari Luka Batin",KESEHATAN,https://www.alodokter.com/trauma-healing-cara-membantu-diri-pulih-dari-luka-batin,Terakhir diperbarui: 16 September 2025,Trauma healing adalah proses penting untuk membantu seseorang pulih dari luka batin. Pengalaman traumatis sering...,"Trauma healing adalah proses penting untuk membantu seseorang pulih dari luka batin. Pengalaman traumatis sering kali meninggalkan bekas mendalam yang memengaruhi kehidupan sehari-hari, sehingga perlu diatasi dengan tepat.
Trauma bisa muncul dari berbagai peristiwa, seperti bencana alam, kehilangan orang tercinta, hingga kekerasan fisik, seksual, maupun emosional. Jika dibiarkan, trauma dapat menimbulkan dampak jangka panjang, seperti kesulitan bersosialisasi serta berkembang menjadi gangguan kecemasan, depresi, atau PTSD.
Dalam kondisi ini, memahami proses trauma healing menjadi penting agar seseorang dapat pulih secara bertahap. Proses ini juga kerap berkaitan dengan fase berduka yang dialami setelah menghadapi kehilangan besar.
Cara Trauma Healing yang Bisa Dilakukan
Trauma healing bertujuan membantu penyintas untuk mengurangi dampak negatif pengalaman traumatis dan membangun kembali rasa aman. Berikut beberapa langkah dan pendekatan yang dapat membantu proses pemulihan dari trauma:
1. Mencari dukungan emosional
Berbagi cerita dengan orang yang dipercaya, seperti keluarga, sahabat, atau psikolog, dapat meringankan beban perasaan. Dukungan ini membantu mengurangi rasa terisolasi dan memperkuat rasa aman. Mengetahui ada orang yang peduli membuat proses pemulihan lebih mudah dijalani.
2. Melakukan relaksasi
Melakukan teknik relaksasi, seperti napas dalam-dalam dan meditasi, membantu menenangkan pikiran, mengurangi kecemasan, serta menjaga tubuh tetap seimbang selama proses trauma healing. Menjadikan aktivitas ini sebagai rutinitas harian juga memperkuat kemampuan diri dalam menghadapi stres sehari-hari.
3. Menerapkan pola hidup sehat
Tidur cukup dan mengonsumsi makanan bergizi adalah bagian penting dari proses trauma healing dan self-healing yang tidak boleh dilewatkan.
Rutinitas sehat ini membantu menghadapi stres dan emosi negatif dengan lebih baik, sekaligus mendukung pemulihan diri secara menyeluruh. Kebiasaan baik tersebut juga memperkuat ketahanan mental dalam jangka panjang.
4. Menghindari kebiasaan yang membahayakan kesehatan
Hindari konsumsi minuman beralkohol, penggunaan obat-obatan terlarang, atau perilaku menyakiti diri sendiri. Hal ini dapat memperburuk kondisi mental dan menunda pemulihan. Mengganti dengan aktivitas sehat lebih efektif untuk mendukung trauma healing.
5. Memulai terapi profesional
Jika gejala trauma terasa berat atau berlangsung lama, psikoterapi bisa menjadi langkah penting dari trauma healing. Beberapa jenis terapi yang umum digunakan antara lain:
Terapi perilaku kognitif, untuk membantu mengenali pola pikir negatif akibat trauma dan menggantinya dengan cara berpikir serta perilaku yang lebih sehat
Terapi prolonged exposure, bertujuan agar otak memproses pengalaman traumatis sehingga trauma tidak lagi menguasai kehidupan sehari-hari
Cognitive processing therapy (CPT), untuk membantu mengubah cara pandang terhadap peristiwa traumatis dan memperbaiki keyakinan negatif yang muncul setelah trauma
Terapi eye movement desensitization and reprocessing (EMDR), yaitu terapi yang menggunakan gerakan mata atau stimulasi sederhana untuk membantu melepaskan emosi terpendam akibat trauma
Langkah-langkah di atas umumnya aman dilakukan, apalagi jika dijalankan secara bertahap dan didampingi psikolog atau dokter. Namun, perlu diingat bahwa setiap orang membutuhkan waktu dan pendekatan yang berbeda dalam proses pemulihan trauma.
Tidak semua orang mampu melewati proses trauma healing sendiri. Oleh karena itu, jangan ragu untuk berkonsultasi dengan psikolog melalui Chat Bersama Dokter di aplikasi ALODOKTER. Melalui konsultasi ini, Anda dapat memperoleh saran dan dukungan yang tepat sesuai kondisi Anda.
Jangan tunda untuk berkonsultasi jika muncul gejala serius, seperti mimpi buruk berulang, keinginan menyakiti diri sendiri, atau rasa takut yang sampai mengganggu aktivitas sehari-hari. Kondisi ini memerlukan penanganan segera."
"Mansplaining, Perilaku Merendahkan yang Sering Tak Disadari",KESEHATAN,https://www.alodokter.com/mansplaining-perilaku-merendahkan-yang-sering-tak-disadari,Terakhir diperbarui: 16 September 2025,"Mansplaining adalah pola komunikasi ketika seseorang, biasanya laki-laki, menjelaskan sesuatu dengan cara merendahkan atau menggurui,...","Mansplaining adalah pola komunikasi ketika seseorang, biasanya laki-laki, menjelaskan sesuatu dengan cara merendahkan atau menggurui, terutama kepada wanita. Penting memahami fenomena ini sekaligus mengetahui cara tepat menghadapinya.
Mansplaining bisa muncul pada interaksi di media sosial, lingkungan kerja, maupun ruang publik. Sering kali hal tersebut terjadi tanpa disadari, bahkan oleh pelakunya sendiri, karena dipengaruhi budaya patriarki, stereotipe gender, atau kurangnya kesadaran untuk berkomunikasi secara setara.
Ciri-Ciri Mansplaining yang Perlu Dikenali
Tidak semua komunikasi dari pria kepada wanita termasuk mansplaining. Istilah ini mengacu pada situasi ketika seseorang menjelaskan sesuatu dengan nada merendahkan atau menganggap lawan bicara kurang paham, padahal sebenarnya sudah mengerti atau bahkan lebih ahli.
Agar lebih mudah mengenali perilaku mansplaining, berikut beberapa tanda umum yang sering muncul:
Menjelaskan sesuatu secara berulang meski lawan bicara sudah memahami topik tersebut
Mengoreksi atau “meluruskan” penjelasan orang lain tanpa alasan jelas, terutama di depan banyak orang
Memberi penjelasan tentang hal di luar bidang keahliannya kepada orang yang lebih ahli, contohnya pria tanpa latar belakang medis yang menjelaskan prosedur medis kepada dokter wanita
Mengabaikan pendapat, pertanyaan, atau argumen lawan bicara, misalnya dengan tidak mendengarkan atau memotong penjelasan
Menggunakan intonasi nada yang merendahkan atau menggurui (gaslighting)
Cara Menghadapi dan Mencegah Mansplaining
Perilaku mansplaining dapat menimbulkan berbagai dampak negatif, baik pada individu maupun lingkungan. Seseorang yang sering menjadi korban perilaku ini bisa mengalami penurunan rasa percaya diri, stres, burnout, dan tekanan mental karena merasa tidak dihargai dalam percakapan.
Mansplaining dapat membuat perempuan enggan berpartisipasi dalam diskusi atau dunia kerja karena khawatir diremehkan, bahkan bisa memicu munculnya kecemasan sosial (social anxiety). Jika terus terjadi, kondisi ini akan memperkuat stereotipe gender yang keliru.
Jika Anda menghadapi situasi mansplaining, ada beberapa langkah sederhana yang bisa dilakukan:
1. Tetap tenang dan percaya diri
Saat menghadapi mansplaining, usahakan tidak terbawa emosi dan tunjukkan bahwa Anda menguasai topiknya. Sikap tenang akan membuat pelaku sadar bahwa Anda tidak mudah diremehkan.
2. Klarifikasi atau koreksi secara sopan
Jika diberi penjelasan yang sebenarnya tidak Anda perlukan, katakan dengan tegas namun tetap sopan bahwa Anda sudah memahami hal tersebut. Cara ini bisa menunjukkan batasan tanpa menimbulkan konflik.
3. Dukung rekan yang menjadi korban
Bila Anda melihat rekan kerja mengalami mansplaining, berikan validasi terhadap pendapatnya agar ia merasa dihargai. Dukungan sederhana ini dapat membantu mengurangi dampak negatif yang dirasakan korban.
4. Ajak bicara secara pribadi
Jika perilaku mansplaining terus berulang, komunikasikan hal ini langsung kepada pelaku secara pribadi. Dengan begitu, ia bisa lebih menyadari tindakannya tanpa merasa dipermalukan di depan orang lain.
Tidak semua pelaku sadar bahwa mereka melakukan mansplaining. Komunikasi terbuka, edukasi, dan saling menghargai dapat membantu menciptakan lingkungan kerja maupun sosial yang lebih aman, setara, dan nyaman.
Untuk mendapatkan penjelasan lebih lengkap mengenai mansplaining dan cara menghadapinya, Anda dapat berkonsultasi dengan dokter melalui Chat Bersama Dokter di aplikasi ALODOKTER. Dokter akan memberikan saran yang sesuai dengan kondisi Anda agar rasa percaya diri tetap terjaga dan dampak negatifnya bisa dicegah."
"Fungsi Otak Kiri, Kunci Kemampuan Analitis dan Matematika",KESEHATAN,https://www.alodokter.com/fungsi-otak-kiri-kunci-kemampuan-analitis-dan-matematika,Terakhir diperbarui: 16 September 2025,"Fungsi otak kiri memegang peranan penting dalam kemampuan berpikir logis, berbahasa, dan memecahkan masalah sehari-hari....","Fungsi otak kiri memegang peranan penting dalam kemampuan berpikir logis, berbahasa, dan memecahkan masalah sehari-hari. Dengan memahami fungsi otak kiri, Anda bisa mengasah kelebihan diri dan membantu perkembangan anak sejak dini.
Setiap bagian otak manusia memiliki fungsi masing-masing yang saling melengkapi. Jika fungsi otak kanan lebih dominan dalam hal kreativitas, imajinasi, dan intuisi, maka fungsi otak kiri berperan penting dalam kemampuan analisis, logika, bahasa, dan komunikasi.
Kabar baiknya, kemampuan otak kiri ini bisa terus dilatih, sehingga semakin optimal dalam mendukung aktivitas sehari-hari.
Fungsi Otak Kiri
Memahami bagaimana otak kiri bekerja dapat membantu kita mengoptimalkan cara belajar, bekerja, dan mengambil keputusan sehari-hari. Berikut ini adalah fungsi otak kiri:
1. Pemrosesan bahasa
Otak kiri mengatur kemampuan berbicara, menulis, membaca, hingga memahami kalimat yang kompleks. Bagian ini juga berperan penting dalam penguasaan tata bahasa, sehingga komunikasi bisa tersampaikan dengan jelas. Tanpa fungsi otak kiri yang baik, seseorang akan kesulitan mengekspresikan ide secara terstruktur.
2. Logika dan penalaran
Dalam berpikir runtut dan sistematis, otak kiri memegang peranan utama. Bagian ini membantu kita menganalisis informasi lalu menarik kesimpulan berdasarkan data atau fakta. Itulah sebabnya otak kiri sering dikaitkan dengan kemampuan mengambil keputusan secara rasional.
3. Kemampuan matematika
Saat melakukan perhitungan atau operasi aritmatika, otak kiri sangat aktif bekerja. Aktivitas seperti menyelesaikan soal matematika, mengatur angka, hingga memahami konsep kuantitatif melibatkan bagian ini. Oleh karena itu, melatih fungsi otak kiri dapat meningkatkan ketelitian dalam bidang numerik.
4. Analisis dan pemecahan masalah
Fungsi otak kiri mendukung kita untuk berpikir kritis saat menghadapi tantangan. Bagian ini membantu menyusun strategi dan mencari solusi secara logis. Dengan cara kerja yang terstruktur, otak kiri membuat proses pemecahan masalah menjadi lebih efektif.
5. Mengingat detail dan urutan
Otak kiri sangat berperan dalam mengingat informasi yang bersifat detail dan kronologis. Misalnya, mengingat langkah-langkah pekerjaan, prosedur tertentu, atau daftar belanja. Hal ini memudahkan seseorang untuk mengatur aktivitas sehari-hari dengan lebih tertib.
Jika fungsi otak kiri terganggu akibat cedera atau kelainan, berbagai masalah bisa muncul dalam aktivitas sehari-hari. Kondisi ini dapat menimbulkan kesulitan berbicara atau memahami bahasa (afasia), gangguan menulis dan membaca, serta penurunan kemampuan berhitung maupun berpikir logis.
Selain itu, penderita juga bisa mengalami kesulitan mengingat urutan atau kronologi suatu peristiwa.
Cara Melatih Fungsi Otak Kiri
Memahami cara kerja fungsi otak kiri tidak hanya penting bagi pelajar, guru, atau orang tua, tetapi juga bermanfaat bagi pekerja yang ingin meningkatkan kemampuan berpikir sistematis.
Berikut ini cara melatih fungsi otak kiri yang dapat diterapkan:
Membaca buku atau artikel yang menantang logika dapat membantu melatih kemampuan analisis sekaligus memperkaya pemahaman bahasa
Menulis, baik berupa catatan harian maupun karya ilmiah, membuat otak kiri terbiasa menyusun ide secara runtut dan terstruktur
Bermain teka-teki logika atau permainan angka, seperti sudoku atau catur, dapat mengasah pola pikir sistematis sambil tetap menyenangkan
Belajar bahasa baru merangsang otak kiri dalam hal pemrosesan tata bahasa dan memperkuat keterampilan komunikasi
Melatih kemampuan berhitung secara rutin, misalnya saat berbelanja atau membuat anggaran, menjaga otak kiri tetap aktif dalam mengolah angka dan logika.
Supaya kemampuannya tetap optimal, otak kiri perlu terus diasah dengan cara di atas dan dilakukan dengan konsisten. Semakin sering dilatih, semakin baik pula kemampuan berpikir sistematis dan terstruktur yang bisa mendukung keberhasilan dalam belajar maupun bekerja.
Jika Anda masih bingung mengenai cara melatih fungsi otak kiri, konsultasikan dengan dokter melalui fitur Chat Bersama Dokter di aplikasi ALODOKTER. Dokter akan memberikan saran sesuai kondisi dan kebutuhan Anda.
Selain itu, pemeriksaan medis juga dianjurkan jika Anda mengalami gejala penurunan fungsi otak kiri, seperti kesulitan berbicara, menulis, membaca, atau sering kehilangan urutan dalam aktivitas sehari-hari."
"Daun Jati Belanda, Kenali Manfaatnya untuk Kesehatan",KESEHATAN,https://www.alodokter.com/daun-jati-belanda-kenali-manfaatnya-untuk-kesehatan,Terakhir diperbarui: 16 September 2025,Daun jati belanda merupakan herbal tradisional yang dipercaya membantu menurunkan berat badan dan menjaga pencernaan....,"Daun jati belanda merupakan herbal tradisional yang dipercaya membantu menurunkan berat badan dan menjaga pencernaan. Di Indonesia, tanaman ini kian populer di kalangan mereka yang mencari cara diet alami tanpa efek samping serius.
Masyarakat Indonesia banyak mengenal daun jati belanda sebagai bahan utama jamu pelangsing atau teh herbal. Popularitasnya tidak lepas dari kepercayaan turun-temurun bahwa daun ini bermanfaat untuk kesehatan, khususnya dalam menjaga berat badan. Tak heran, hingga kini daun jati belanda masih sering dipilih sebagai bagian dari gaya hidup sehat.
Daun Jati Belanda dan Manfaatnya untuk Kesehatan
Daun jati belanda mengandung serat, flavonoid, tanin, saponin, serta antioksidan alami lain yang berperan dalam menjaga kesehatan tubuh. Kandungan zat-zat tersebut diyakini dapat memberikan berbagai manfaat, seperti berikut:
1. Membantu menurunkan berat badan
Daun jati belanda dikenal sebagai bahan alami yang sering ditambahkan pada produk pelangsing. Ekstrak daun ini dipercaya dapat menghambat penyerapan lemak di usus, sehingga jumlah lemak yang masuk ke tubuh menjadi lebih sedikit. 
Dengan demikian, kombinasi mengonsumsi daun jati belanda dan pola makan sehat bisa membantu proses diet lebih maksimal. Namun, penelitian pada manusia masih sangat terbatas, sehingga efeknya bisa berbeda pada setiap orang.
2. Mengontrol nafsu makan dan rasa lapar
Kandungan serat dalam daun jati belanda berfungsi seperti “rem alami” untuk nafsu makan. Serat membuat perut terasa kenyang lebih lama dan memperlambat proses pengosongan lambung. Hasilnya, Anda akan cenderung makan dalam porsi lebih kecil dan menahan diri dari kebiasaan ngemil tanpa sadar.
3. Mencegah sembelit
Jika Anda sering mengalami masalah susah buang air besar, daun jati belanda bisa menjadi solusi alami. Efek pencahar ringan yang dimilikinya membantu mendorong sisa makanan keluar lebih lancar, sehingga risiko sembelit atau perut begah bisa berkurang.
4. Membantu menurunkan kolesterol jahat (LDL)
Beberapa studi awal menunjukkan daun jati belanda dapat membantu menurunkan kadar kolesterol jahat (LDL) dalam darah, sehingga berpotensi menjaga kesehatan jantung. Zat aktif seperti flavonoid dalam daun ini diduga berperan dalam mekanisme tersebut. Namun, penelitian lebih lanjut pada manusia masih sangat diperlukan.
5. Menjaga sel tubuh dari kerusakan akibat radikal bebas
Flavonoid, tanin, dan saponin yang terdapat dalam daun jati belanda berperan sebagai antioksidan. Senyawa ini membantu melawan radikal bebas, yaitu molekul berbahaya yang bisa merusak sel tubuh dan memicu penyakit kronis.
Walaupun manfaat daun jati belanda cukup menjanjikan, pemakaian berlebihan atau tanpa aturan tidak disarankan. Beberapa efek samping yang mungkin muncul antara lain perut kembung, diare, atau dehidrasi akibat efek pencahar. 
Daun ini bisa berinteraksi dengan obat diabetes, darah tinggi, atau obat lain yang sedang Anda konsumsi. Bagi ibu hamil, menyusui, dan anak-anak, sebaiknya hindari penggunaannya tanpa izin dokter karena keamanannya pada kelompok ini belum dapat dipastikan.
Jika Anda ingin tahu lebih lanjut tentang manfaat dan keamanan daun jati belanda sesuai kondisi kesehatan Anda, jangan ragu untuk berkonsultasi dengan dokter secara online melalui fitur Chat Bersama Dokter di aplikasi ALODOKTER."
"Apakah Bronkitis Bisa Sembuh, Ini Penjelasannya",KESEHATAN,https://www.alodokter.com/apakah-bronkitis-bisa-sembuh-ini-penjelasannya,Terakhir diperbarui: 16 September 2025,"Apakah bronkitis bisa sembuh? Pertanyaan ini sering muncul saat seseorang mengalami batuk berkepanjangan, sesak napas,...","Apakah bronkitis bisa sembuh? Pertanyaan ini sering muncul saat seseorang mengalami batuk berkepanjangan, sesak napas, atau mendapat diagnosis bronkitis dari dokter. Sebenarnya, kemungkinan sembuh sangat tergantung pada jenis bronkitis yang Anda alami serta bagaimana penanganannya sejak awal.
Apakah bronkitis bisa sembuh bukan sekadar soal waktu, tetapi juga dipengaruhi pemahaman akan perbedaan antara bronkitis akut dan kronis. Banyak orang khawatir bronkitis akan berakhir pada masalah paru-paru jangka panjang, padahal setiap jenis memiliki peluang sembuh dan cara penanganan yang berbeda. 
Apakah Bronkitis Bisa Sembuh, Ini Penjelasan Medisnya
Peluang sembuh dari bronkitis sangat dipengaruhi oleh jenis dan penyebabnya. Berikut penjelasan yang lebih mudah dipahami:
Bronkitis akut
Pada kasus ini, apakah bronkitis bisa sembuh? Jawabannya, sangat mungkin. Bronkitis akut biasanya disebabkan oleh infeksi virus atau bakteri, sering muncul setelah flu atau pilek. Dengan istirahat yang cukup, minum banyak cairan, dan mengikuti anjuran dokter, kondisi ini umumnya membaik secara total dalam 1–3 minggu. 
Setelah sembuh, saluran napas kembali normal tanpa bekas kerusakan, dan Anda bisa beraktivitas seperti biasa.
Bronkitis kronis
Bagaimana dengan kasus kronis, apakah bronkitis bisa sembuh? Pada bronkitis kronis, peradangan saluran napas berlangsung lama, biasanya akibat kebiasaan merokok atau paparan polusi udara terus menerus. Gejalanya berupa batuk berdahak minimal 3 bulan dalam setahun, berulang setidaknya 2 tahun berturut-turut. Untuk jenis ini, bronkitis memang tidak bisa sembuh total. 
Namun, pengelolaan yang tepat, seperti berhenti merokok, menghindari polusi, dan minum obat secara teratur, dapat menekan kekambuhan, mengurangi keluhan, serta menjaga kualitas hidup.
Jika bronkitis kronis tidak dikelola, penyakit ini bisa berkembang menjadi penyakit paru obstruktif kronis (PPOK). PPOK sulit dikendalikan dan bisa menurunkan fungsi pernapasan secara signifikan, sehingga sangat penting melakukan kontrol rutin dan mengikuti saran dokter agar kondisi tidak memburuk.
Cara Mendukung Proses Penyembuhan Bronkitis
Jika Anda sedang menjalani pemulihan dari bronkitis, berikut langkah-langkah sederhana yang bisa membantu mempercepat proses sembuh serta mencegah kekambuhan:
Istirahat yang cukup agar tubuh punya energi melawan infeksi dan memperbaiki saluran napas.
Perbanyak minum air putih supaya lendir di saluran napas lebih encer dan mudah dikeluarkan.
Hindari asap rokok, debu, atau polusi udara, karena zat-zat ini dapat memperparah iritasi bronkus.
Konsumsi obat yang diberikan dokter secara teratur dan sesuai petunjuk, baik itu obat batuk, pereda demam, atau antibiotik jika diperlukan.
Lakukan kontrol ke dokter jika gejala tak membaik dalam 3 minggu, atau jika Anda sering mengalami bronkitis kambuh, untuk memastikan tidak berkembang menjadi kondisi kronis.
Jadi, apakah bronkitis bisa sembuh? Jawabannya, pada bronkitis akut, sangat mungkin sembuh total asal ditangani dengan baik. Sedangkan pada bronkitis kronis, yang utama adalah mengendalikan gejala dan mencegah komplikasinya. 
Jika Anda mengalami bronkitis, jangan ragu untuk berkonsultasi dengan dokter guna mendapatkan informasi dan saran penanganan yang sesuai. Konsultasi bisa dilakukan secara online melalui fitur Chat Bersama Dokter di aplikasi ALODOKTER."
6 Obat Cacar Api Paling Ampuh di Apotek,KESEHATAN,https://www.alodokter.com/obat-cacar-api-paling-ampuh-di-apotek,Terakhir diperbarui: 16 September 2025,"Obat cacar api paling ampuh adalah solusi yang banyak dicari saat seseorang mengalami gejala ruam,...","Obat cacar api paling ampuh adalah solusi yang banyak dicari saat seseorang mengalami gejala ruam, lepuhan, dan nyeri pada kulit akibat cacar api (herpes zoster). Kondisi ini dapat sangat mengganggu aktivitas harian, sebab rasa sakit dan tidak nyaman sering kali membuat penderitanya sulit beristirahat maupun beraktivitas seperti biasa.
Cacar api disebabkan oleh aktifnya kembali virus varicella-zoster, yaitu virus yang pernah menyebabkan cacar air. Virus ini dapat “bangun” kembali jika daya tahan tubuh menurun akibat stres, kelelahan, usia lanjut, ataupun penyakit tertentu. Karena itu, siapa saja yang pernah terkena cacar air berisiko mengalami cacar api, apalagi jika kondisi tubuh sedang tidak fit.
Cacar api biasanya ditangani dengan antivirus yang efektif bila diberikan sejak dini. Pengobatan yang cepat dapat membantu mempercepat pemulihan sekaligus menurunkan risiko komplikasi, seperti nyeri saraf berkepanjangan.
Secara medis, obat cacar api paling ampuh adalah antivirus yang diresepkan dokter, seperti acyclovir, valacyclovir, atau famciclovir. Obat ini bekerja dengan menekan perkembangan virus varicella-zoster di dalam tubuh sehingga gejala bisa lebih cepat mereda.
Pilihan Merek Obat Cacar Api Paling Ampuh di Apotek
Berikut ini adalah pilihan obat cacar api paling ampuh yang bisa Anda dapatkan di apotek:
Acyclovir 5% Krim 5 gr Bernofarm
Harga: mulai dari Rp16.500 per tube
Beli Acyclovir 5% Krim 5 gr Bernofarm di Aloshop
Beli di Aloshop
Acyclovir 5% krim adalah salah satu obat yang sering diresepkan dokter untuk mengatasi cacar api. Obat ini bekerja dengan menghambat perkembangan virus varicella-zoster di kulit, sehingga dapat membantu meredakan ruam, mengurangi rasa perih, sekaligus mempercepat penyembuhan luka.
Obat krim ini tergolong obat keras, sehingga penggunaannya harus mengikuti petunjuk dokter. Untuk menggunakannya, oleskan krim pada area kulit yang terkena secara merata, beberapa kali sehari sesuai dosis yang dianjurkan. Pada ibu hamil, menyusui, atau anak-anak, penggunaan obat ini sebaiknya hanya dilakukan dengan pengawasan medis.
Valacyclovir 500 Mg 10 Tablet Novell
Harga: mulai dari Rp96.968 per strip
Beli Valacyclovir 500 Mg 10 Tablet Novell di Aloshop
Beli di Aloshop
Valacyclovir 500 mg tablet adalah obat antivirus yang digunakan untuk mengatasi cacar api. Setelah diminum, obat ini akan diubah menjadi acyclovir di dalam tubuh, lalu bekerja menghambat perkembangan virus sehingga membantu mempercepat penyembuhan sekaligus menurunkan risiko komplikasi.
Obat ini termasuk obat keras dan hanya boleh digunakan sesuai resep dokter. Dosis umum untuk orang dewasa biasanya 1000 mg dua kali sehari selama satu minggu, tetapi jumlah dan lama penggunaannya bisa berbeda tergantung kondisi pasien. Valacyclovir tidak dianjurkan untuk anak-anak, ibu hamil, maupun ibu menyusui kecuali atas petunjuk dokter.
Acyclovir 400 Mg 10 Tablet Indofarma
Harga: mulai dari Rp23.570 per strip
Beli Acyclovir 400 Mg 10 Tablet Indofarma di Aloshop
Beli di Aloshop
Acyclovir 400 mg tablet adalah salah satu obat antivirus yang sering diresepkan dokter untuk mengatasi cacar api. Obat ini bekerja dengan menghambat replikasi virus varicella-zoster di dalam tubuh, sehingga membantu meredakan gejala dan mempercepat penyembuhan. 
Obat ini berbentuk tablet dan termasuk obat keras, sehingga penggunaannya harus sesuai anjuran tenaga medis. Dosis untuk orang dewasa biasanya 800 mg lima kali sehari selama 7–10 hari, tetapi jumlah dan lama pengobatan bisa berbeda tergantung kondisi pasien. 
Selama terapi, pasien disarankan memperbanyak minum air putih. Hindari penggunaan Acyclovir 400 mg tablet tanpa resep dokter.
Valtrex 500 mg 6 Tablet
Harga: mulai dari Rp280.570 per strip
Beli Valtrex 500 mg 6 Tablet di Aloshop
Beli di Aloshop
Valtrex 500 mg tablet mengandung valacyclovir, yaitu antivirus yang digunakan untuk mengatasi cacar api. Obat ini bekerja dengan menghambat perkembangan virus varicella-zoster di dalam tubuh sehingga dapat mempercepat penyembuhan sekaligus menurunkan risiko komplikasi. 
Obat ini berbentuk tablet dan termasuk obat keras, sehingga penggunaannya harus sesuai anjuran dokter. Dosis dewasa umumnya 1000 mg dua kali sehari selama tujuh hari, tetapi bisa berbeda tergantung kondisi pasien. Valtrex tidak dianjurkan untuk anak-anak, ibu hamil, maupun menyusui kecuali atas petunjuk dokter.
Acyclovir 5% Krim 5 gr Erela
Harga: mulai dari Rp19.263 per tube
Beli Acyclovir 5% Krim 5 gr Erela di Aloshop
Beli di Aloshop
Acyclovir 5% krim 5 gr Erela adalah obat antivirus berbentuk krim yang digunakan untuk membantu mengatasi cacar api. Obat ini bekerja dengan menekan pertumbuhan virus varicella-zoster di area yang terinfeksi, sehingga dapat mempercepat hilangnya ruam sekaligus mendukung proses penyembuhan kulit.
Obat ini digunakan dengan cara dioleskan tipis-tipis pada bagian yang sakit sesuai petunjuk kemasan atau anjuran dokter. Karena termasuk obat keras, penggunaannya harus sesuai aturan medis dan sebaiknya tidak dipakai tanpa arahan dokter, terutama bagi ibu hamil atau menyusui.
Valciron 500 Mg 10 Tablet
Harga: mulai dari Rp194.883 per strip
Beli Valciron 500 Mg 10 Tablet di Aloshop
Beli di Aloshop
Valciron 500 mg mengandung valacyclovir, obat antivirus yang bekerja menghambat perkembangan virus penyebab cacar api. Dengan cara ini, obat ini membantu meredakan gejala sekaligus menurunkan risiko komplikasi pada saraf maupun kulit.
Valciron tergolong obat keras sehingga penggunaannya harus dengan resep dokter. Dosis umum untuk dewasa adalah 1000 mg dua kali sehari selama 7 hari, tetapi tetap dapat berbeda sesuai kondisi masing-masing pasien. Obat ini sebaiknya tidak diberikan kepada anak-anak, ibu hamil, atau menyusui tanpa arahan medis.
Obat cacar api paling ampuh di atas bisa membantu meredakan gejala dan mempercepat pemulihan apabila digunakan dengan cara yang tepat dan sesuai anjuran medis. 
Namun, jika gejala cacar api yang Anda rasakan semakin berat, menyebar, mengenai wajah/mata, atau tidak membaik setelah 7 hari pengobatan, segera konsultasikan ke dokter. 
Untuk gejala ringan, Anda bisa berkonsultasi dengan dokter secara online melalui fitur Chat Bersama Dokter di aplikasi ALODOKTER. Jika perlu, manfaatkan juga fitur Buat Janji Dokter untuk melakukan pemeriksaan langsung di rumah sakit."
"Selubung Mielin, Ketahui Fungsi dan Gangguan yang Bisa Terjadi",KESEHATAN,https://www.alodokter.com/selubung-mielin-ketahui-fungsi-dan-gangguan-yang-bisa-terjadi,Terakhir diperbarui: 16 September 2025,Selubung mielin adalah lapisan pelindung yang membungkus serabut saraf dan memastikan sinyal listrik dalam tubuh...,"Selubung mielin adalah lapisan pelindung yang membungkus serabut saraf dan memastikan sinyal listrik dalam tubuh berjalan cepat serta lancar. Jika selubung mielin rusak, fungsi saraf bisa terganggu sehingga menimbulkan keluhan mulai dari kesemutan hingga kelemahan otot.
Selubung mielin berperan penting dalam menjaga kinerja sistem saraf, layaknya isolasi yang memastikan kabel listrik tetap aman dan berfungsi optimal. Lapisan ini membantu sinyal saraf bergerak cepat dan terkoordinasi, sehingga tubuh dapat merespons dengan tepat.
Bila selubung mielin rusak, berbagai gangguan saraf. seperti kelemahan otot, gangguan penglihatan, hingga masalah koordinasi bisa muncul. Dengan mengetahui fungsi selubung mielin dan gangguan yang mungkin terjadi, Anda dapat lebih waspada dalam menjaga kesehatan saraf.
Selubung Mielin dan Fungsinya
Selubung mielin tidak hanya berperan sebagai pelindung saraf, tetapi juga memiliki berbagai fungsi penting yang menunjang kerja sistem saraf secara keseluruhan. Berikut ini adalah beberapa fungsi utama selubung mielin yang penting untuk diketahui:
1. Mempercepat hantaran impuls listrik
Selubung mielin berfungsi mempercepat penghantaran sinyal listrik dari otak ke seluruh tubuh. Dengan bantuan lapisan ini, impuls saraf dapat melaju lebih cepat di sepanjang serabut saraf, sehingga tubuh mampu merespons rangsangan dengan segera. 
Misalnya, saat Anda tanpa sengaja menyentuh benda panas, sinyal rasa sakit langsung dikirim ke otak sehingga Anda dapat cepat menarik tangan untuk melindungi diri.
2. Melindungi serabut saraf
Selubung mielin berperan sebagai pelindung serabut saraf dari berbagai gangguan, seperti tekanan atau gesekan dengan jaringan di sekitarnya. Lapisan ini membantu mencegah kerusakan pada serabut saraf yang dapat menimbulkan gejala, seperti nyeri, kesemutan, atau mati rasa. 
Tanpa selubung mielin yang sehat, bahkan tekanan ringan pada saraf bisa menimbulkan rasa sakit hebat atau gangguan fungsi saraf.
3. Menjaga fungsi otot dan refleks tubuh
Hantaran sinyal saraf yang cepat dan efisien berkat selubung mielin berperan besar dalam menjaga koordinasi otot dan refleks tubuh. Dengan dukungan lapisan ini, Anda dapat bergerak dengan lincah, mempertahankan keseimbangan, serta merespons rangsangan secara spontan. 
Aktivitas sehari-hari, seperti berjalan, mengetik, atau berkedip dapat berlangsung otomatis karena kerja sistem saraf yang dilindungi oleh selubung mielin.
4. Mencegah gangguan fungsi saraf
Selubung mielin berperan menjaga kestabilan komunikasi antar sel saraf, sehingga sistem saraf dapat bekerja dengan optimal tanpa terganggu oleh sinyal dari jaringan di sekitarnya. 
Jika lapisan mielin rusak, penghantaran sinyal listrik bisa melambat, bocor, atau bahkan terhenti, sehingga menimbulkan gejala, seperti kesemutan, kelemahan otot, bahkan gangguan penglihatan. 
Pada kondisi tertentu, misalnya multiple sclerosis, kerusakan selubung mielin dapat menyebabkan gangguan gerakan, kehilangan keseimbangan, hingga penurunan fungsi saraf secara bertahap.
Selubung Mielin dan Gangguan yang Bisa Terjadi
Selubung mielin dapat mengalami kerusakan akibat berbagai kondisi yang memengaruhi fungsi saraf dan kesehatan tubuh. Kerusakan ini bisa berkembang secara bertahap maupun muncul secara tiba-tiba, tergantung pada penyebab yang mendasarinya.
Beberapa gangguan yang dapat memengaruhi selubung mielin antara lain:
Penyakit autoimun, seperti multiple sclerosis (MS), sindrom Guillain-Barré, dan neuromyelitis optica (NMO).
Penyakit leukodistrofi, yaitu kelainan genetik langka yang merusak mielin secara progresif.
Infeksi virus atau bakteri tertentu yang memicu peradangan pada sistem saraf.
Faktor genetik dan proses penuaan yang memengaruhi kualitas mielin.
Paparan zat beracun atau obat-obatan tertentu yang dapat merusak jaringan saraf.
Kekurangan vitamin B12 atau gangguan metabolisme yang menghambat pembentukan mielin.
Selubung mielin berperan penting dalam menjaga kecepatan dan kelancaran sinyal saraf. Bila lapisan ini rusak, berbagai keluhan dapat muncul, mulai dari kesemutan hingga gangguan koordinasi. 
Menjaga kesehatan selubung mielin dapat dilakukan dengan memenuhi asupan vitamin B12, menerapkan pola hidup sehat, berolahraga rutin, serta menghindari paparan zat beracun.
Jangan ragu untuk berkonsultasi ke dokter bila muncul gejala yang mengarah pada gangguan saraf atau bila ingin mengetahui informasi lebih lanjut terkait selubung mielin. Deteksi dan penanganan dini dapat membantu mencegah kerusakan lebih lanjut.
Untuk informasi dan penanganan yang tepat, Anda bisa berkonsultasi di mana saja dan kapan saja serta cepat dan praktis melalui Chat Bersama Dokter di aplikasi ALODOKTER."
Cara Menghilangkan Jamur di Baju dengan Mudah dan Efektif,KESEHATAN,https://www.alodokter.com/cara-menghilangkan-jamur-di-baju-dengan-mudah-dan-efektif,Terakhir diperbarui: 16 September 2025,"Cara menghilangkan jamur di baju penting diketahui agar pakaian tetap bersih dan awet digunakan. Terlebih,...","Cara menghilangkan jamur di baju penting diketahui agar pakaian tetap bersih dan awet digunakan. Terlebih, baju yang berjamur bisa menimbulkan bau tak sedap hingga menyebabkan iritasi pada kulit Anda. Nah, dengan langkah yang tepat, jamur pada pakaian bisa diatasi tanpa perlu mengganti baju baru.
Jamur kerap tumbuh pada pakaian yang lembap atau disimpan di tempat tertutup tanpa sirkulasi udara yang baik, terutama saat musim hujan. Selain dapat merusak serat kain, jamur juga membawa risiko kesehatan jika baju tetap digunakan tanpa dibersihkan, seperti memicu iritasi kulit atau gangguan pernapasan.
Oleh karena itu, penting untuk mengetahui cara sederhana dan alami menghilangkan jamur di baju serta mencegahnya datang kembali.
Cara Menghilangkan Jamur di Baju dengan Mudah
Baju yang berjamur tentu mengganggu kan? Untungnya, beberapa langkah berikut ini bisa Anda lakukan untuk membersihkan jamur di baju secara efektif:
1. Rendam baju dengan air hangat
Cara menghilangkan jamur di baju yang bisa Anda lakukan pertama adalah merendamnya ke dalam air hangat. Cara ini dapat membantu melunakkan dan melepaskan jamur dari serat kain. Pasalnya, suhu air yang hangat mampu memecah struktur jamur sehingga noda menjadi lebih mudah dibersihkan. 
Cukup rendam baju selama kurang lebih 30 menit agar jamur terangkat maksimal. Setelah direndam, bilas baju dengan air bersih sebelum melanjutkan ke langkah berikutnya.
2. Gunakan cuka atau air lemon
Menggunakan cuka dan air perasan lemon dikenal sebagai bahan alami yang efektif membasmi jamur. Ini karena kandungan asamnya dapat membunuh spora jamur dan membantu mengurangi bau tak sedap pada pakaian. 
Anda bisa mencampurkan sekitar setengah gelas cuka atau air lemon ke dalam air rendaman, lalu diamkan baju selama 30 menit. Setelah direndam, cuci baju seperti biasa untuk menghilangkan sisa asam dan jamur.
3. Tambahkan baking soda
Baking soda juga bisa menjadi cara menghilangkan jamur di baju karena bahan ini memiliki sifat abrasif ringan yang dapat membantu mengangkat jamur dari kain tanpa merusak serat. Caranya, taburkan baking soda ke area yang berjamur, lalu diamkan selama 10–15 menit agar bahan ini bekerja memecah noda. 
Setelah itu, gosok area berjamur secara perlahan menggunakan tangan atau sikat lembut. Langkah ini juga dapat membantu mengurangi bau yang menempel pada baju.
4. Gosok dengan sikat lembut
Setelah baju direndam, gunakan sikat berbulu halus untuk menggosok area yang terkena jamur. Gerakan menyikat yang lembut akan membantu mengangkat jamur dari permukaan kain tanpa menyebabkan kerusakan atau menipiskan bahan pakaian.
Pastikan untuk menyikat ke satu arah agar serat kain tetap terjaga. Lakukan secara hati-hati, terutama pada bahan yang tipis atau sensitif, agar baju tidak sobek.
5. Cuci dengan deterjen antibakteri
Deterjen yang mengandung formula antibakteri dapat membantu memastikan jamur benar-benar hilang dari pakaian. Pilih deterjen dengan kandungan antimikroba dan cuci baju menggunakan air bersih hingga tidak ada sisa busa.
Deterjen juga dapat menghilangkan bau tidak sedap yang berasal dari jamur. Pastikan untuk membilas baju dengan baik agar tidak ada residu deterjen yang tertinggal.
6. Jemur di bawah sinar matahari
Cara menghilangkan jamur di baju yang terakhir adalah dengan menjemurnya di bawah matahari. Soalnya, sinar matahari efektif dalam membunuh sisa jamur dan menghilangkan bau apek pada pakaian yang sebelumnya terinfeksi. Cahaya ultraviolet dari matahari dapat menghentikan pertumbuhan jamur yang masih tertinggal di serat kain. 
Jemur baju di tempat terbuka sampai benar-benar kering, terutama pada bagian yang sebelumnya terkena jamur. Jangan menyimpan pakaian sebelum benar-benar kering, karena kelembapan sisa bisa menyebabkan jamur muncul kembali.
Tips Mencegah Jamur Kembali Muncul di Baju
Agar jamur tidak mudah tumbuh lagi di pakaian, berikut beberapa upaya pencegahannya:
Simpan baju kering di tempat tertutup, seperti lemari atau laci.
Rutin membersihkan lemari setidaknya sebulan sekali agar tidak lembap.
Letakkan kamper atau silika gel di lemari untuk menyerap kelembapan dan mencegah pertumbuhan jamur pada pakaian.
Hindari menumpuk baju yang masih setengah kering, terutama setelah hujan atau dicuci malam hari.
Dengan menerapkan cara menghilangkan jamur di baju serta langkah pencegahannya, Anda bisa menjaga kebersihan, keawetan, dan kenyamanan pakaian keluarga setiap hari. Jika jamur tetap membandel atau disertai keluhan iritasi kulit, sebaiknya konsultasikan ke dokter melalui layanan chat kesehatan agar penanganan lebih aman."
"Bekas Jahitan Melahirkan Normal Menonjol, Ini Penyebab dan Cara Merawatnya",KELUARGA,https://www.alodokter.com/bekas-jahitan-melahirkan-normal-menonjol-ini-penyebab-dan-cara-merawatnya,Terakhir diperbarui: 16 September 2025,"Bekas jahitan melahirkan normal menonjol bisa membuat ibu merasa tidak nyaman dan khawatir, terutama bagi...","Bekas jahitan melahirkan normal menonjol bisa membuat ibu merasa tidak nyaman dan khawatir, terutama bagi yang baru pertama kali melahirkan. Padahal, kondisi ini merupakan bagian dari proses pemulihan dan biasanya tidak berbahaya. Meski begitu, bekas jahitan yang menonjol ini tetap perlu diwaspadai. Apalagi jika bekas jahitan terasa sakit, bengkak, dan keluar nanah. 
Pada persalinan normal, Bunda biasanya akan mengalami luka robekan pada bagian perineum maupun vagina. Hal ini terjadi karena tekanan yang begitu kuat di bagian tersebut saat bayi lahir, proses mengejan, atau prosedur episiotomi guna membantu persalinan bayi.
Untuk membantu penyembuhan luka robekan tersebut, dokter atau bidan akan melakukan penjahitan pada bagian vagina dan perineum. Setelah beberapa minggu, bekas jahitan ini bisa mengalami perubahan, baik dari segi warna, bentuk, maupun tekstur. Namun, tenang, jahitan ini akan berangsur-angsur kering dan hilang setelah 3–8 minggu pascapersalinan kok. 
Meski begitu, terkadang bekas jahitan melahirkan normal terlihat menonjol. Kondisi ini umumnya bukan hal yang berbahaya, tetapi bisa membuat sebagian ibu merasa kurang nyaman. Oleh karena itu, penting untuk memahami penyebab dan cara merawatnya agar proses pemulihan berjalan lebih optimal.
Penyebab Bekas Jahitan Melahirkan Normal Menonjol
Berikut ini adalah beberapa penyebab yang dapat membuat bekas jahitan melahirkan normal menonjol:
1. Proses penyembuhan alami
Seperti yang sudah disebutkan di atas, bekas jahitan melahirkan normal menonjol merupakan bagian dari proses pemulihan atau penyembuhan. Setelah melahirkan, tubuh akan membentuk jaringan baru untuk menutup luka bekas jahitan. Jaringan baru ini sering kali terasa lebih tebal, keras, kaku, dan menonjol dibanding kulit sekitarnya. 
Namun, tidak perlu khawatir, karena jaringan bekas luka jahitan ini biasanya akan rata seiring berjalannya waktu. 
2. Penumpukan jaringan parut 
Penumpukan jaringan parut juga menjadi penyebab bekas jahitan melahirkan normal menonjol. Jaringan parut terbentuk sebagai bagian dari mekanisme tubuh dalam memperbaiki luka. 
Namun, terkadang tubuh memproduksi jaringan parut secara berlebihan, sehingga terbentuk keloid atau skar hipertrofik. Kondisi ini membuat bekas jahitan tampak lebih besar, keras, dan menonjol dibanding luka pada umumnya.
3. Reaksi terhadap benang jahit
Reaksi tubuh terhadap benang jahit juga bisa menyebabkan bekas jahitan melahirkan normal menonjol lho. Beberapa jenis benang, terutama yang tidak larut atau yang tubuh anggap ‘asing’, bisa memicu peradangan ringan. Akibatnya, area sekitar bekas jahitan tampak membengkak atau menonjol. 
Tidak perlu khawatir ya, karena efek samping ini akan mereda setelah proses penyembuhan selesai dan benang sudah larut atau diserap tubuh.
4. Infeksi 
Infeksi adalah salah satu penyebab bekas jahitan melahirkan normal menonjol yang perlu diwaspadai. Jika Bunda merasakan tonjolan bekas jahitan melahirkan normal terasa sakit, bengkak, dan keluar nanah, sebaiknya segera periksakan diri ke dokter ya. 
Cara Merawat Bekas Jahitan Melahirkan Normal Menonjol
Nah, untuk mempercepat proses penyembuhan bekas jahitan melahirkan normal menonjol, Bunda bisa melakukan beberapa cara sederhana berikut ini: 
Menjaga kebersihan di area sekitar jahitan, terutama setelah buang air kecil dan buang air besar. Bersihkan dari arah vagina menuju anus, bukan sebaliknya.
Menjaga area bekas jahitan tetap kering dengan menepuk-nepuk secara perlahan menggunakan handuk atau tisu.
Mencuci tangan sebelum dan sesudah membersihkan area jahitan. 
Menggunakan pakaian atau celana yang longgar dan berbahan katun yang nyaman agar area jahitan tidak tertekan. 
Mengompres area jahitan dengan kain bersih yang dibasahi air dingin untuk mengurangi nyeri. 
Mengganti pembalut melahirkan secara rutin atau setiap 2–4 jam sekali. 
Mengonsumsi makanan yang kaya akan serat dan banyak minum air putih untuk mencegah sembelit
Menghindari mengangkat beban berat dan mengejan saat buang air besar dan buang air kecil. 
Berolahraga ringan, seperti senam Kegel atau berjalan kaki. 
Tidak melakukan hubungan seksual selama masa pemulihan 
Bekas jahitan melahirkan normal menonjol umumnya bukan tanda bahaya, melainkan bagian dari proses pemulihan tubuh. Dengan perawatan sederhana, kondisi ini biasanya akan membaik secara bertahap.
Meski begitu, setiap ibu punya proses penyembuhan yang berbeda. Jadi, jangan ragu untuk mencari bantuan medis bila Bunda merasa tidak nyaman atau ada keluhan lain yang menyertai. Agar lebih mudah, Bunda bisa langsung Chat Bersama Dokter di aplikasi Alodokter untuk mendapatkan penjelasan dan solusi yang tepat."
"Daun Bandotan, Inilah Nutrisi, Manfaat, dan Tips Menggunakannya",KESEHATAN,https://www.alodokter.com/daun-bandotan-inilah-nutrisi-manfaat-dan-tips-menggunakannya,Terakhir diperbarui: 16 September 2025,Daun bandotan adalah tanaman liar yang mudah ditemukan di pekarangan dan sering digunakan dalam pengobatan...,"Daun bandotan adalah tanaman liar yang mudah ditemukan di pekarangan dan sering digunakan dalam pengobatan tradisional, mulai dari meredakan peradangan hingga menurunkan demam. Meski banyak dikonsumsi masyarakat, penting untuk memahami kandungan nutrisi dan cara penggunaannya yang tepat.
Daun bandotan (Ageratum conyzoides) dikenal sebagai salah satu tanaman herbal yang banyak tumbuh di Indonesia dan telah lama digunakan dalam berbagai pengobatan tradisional. Namun, meskipun manfaatnya cukup populer, bukti ilmiah tentang keefektifan dan keamanannya masih terbatas. 
Penggunaan daun bandotan tidak cocok untuk semua orang, sehingga penting bagi Anda untuk mengetahui potensi manfaat, risiko, dan cara penggunaannya sebelum mencoba tanaman yang satu ini.
Daun Bandotan dan Nutrisinya
Daun bandotan mengandung berbagai senyawa bioaktif yang membuat tanaman ini sering digunakan sebagai obat tradisional. Berbagai kandungan tersebut dinilai berperan dalam efek kesehatan yang ditawarkan daun bandotan.
Berikut ini adalah berbagai kandungan zat aktif pada tanaman bandotan:
Alkaloid
Saponin
Flavonoid
Kumarin
Eugenol
Polifenol
Tanin
Minyak atsiri
Dengan berbagai zat bioaktif yang ada, tanaman ini juga memiliki sifat anti-inflamasi, anti-alergi, antioksidan, antibakteri, hingga antilitik.
Daun Bandotan dan Manfaatnya untuk Kesehatan
Berikut ini adalah beberapa manfaat daun bandotan yang dikenal dalam pengobatan tradisional maupun penelitian awal:
1. Membantu meredakan peradangan
Daun bandotan diketahui mengandung senyawa aktif, seperti flavonoid dan tanin, yang dipercaya dapat membantu menurunkan peradangan di kulit atau luka ringan. Senyawa ini bekerja dengan menghambat reaksi kimia penyebab pembengkakan dan kemerahan.
Beberapa penelitian praklinis menunjukkan aktivitas antiinflamasi pada ekstrak daun bandotan, terutama bila digunakan sebagai obat luar. Walau begitu, uji klinis pada manusia masih sangat terbatas, sehingga manfaatnya belum sepenuhnya teruji secara medis.
2. Mendukung penyembuhan luka
Daun bandotan sering digunakan secara tradisional sebagai obat oles luar untuk mempercepat penutupan luka, baik luka sayat ringan maupun lecet. Kandungan saponin dan flavonoid dalam tanaman ini diketahui dapat merangsang pertumbuhan jaringan baru dan mencegah infeksi bakteri.
Studi pada hewan memperlihatkan adanya proses penyembuhan luka yang lebih cepat setelah pemberian ekstrak daun bandotan. Namun, penggunaan pada manusia perlu lebih banyak penelitian agar keamanan dan efektivitasnya benar-benar terjamin.
3. Menurunkan demam secara alami
Sebagian masyarakat memanfaatkan daun bandotan sebagai ramuan tradisional penurun demam, baik dengan cara diminum air rebusannya atau digunakan dalam kompres hangat pada tubuh. Efek antipiretik ini diduga berasal dari komponen fitokimia yang terkandung di daun bandotan.
Sayangnya, penelitian pada manusia mengenai khasiat penurun demam daun bandotan masih sangat terbatas dan kebanyakan hanya pada tingkat hewan percobaan. Oleh sebab itu, manfaat ini belum dapat disamakan dengan obat penurun demam yang sudah teruji klinis.
4. Mengurangi gejala batuk dan pilek
Air rebusan daun bandotan juga sering digunakan secara tradisional untuk meringankan tenggorokan yang gatal dan meredakan batuk ringan. Efek ini diduga berasal dari sifat antibakteri dan antiradang pada daunnya.
Walau begitu, sebagian besar bukti masih bersifat empiris dan belum banyak didukung hasil penelitian yang kuat. 
5. Membantu mengobati diare
Secara tradisional, daun bandotan digunakan sebagai obat alami untuk membantu mengatasi diare. Tanaman ini mengandung zat aktif yang dipercaya dapat menghambat pertumbuhan bakteri penyebab infeksi di saluran cerna.
Beberapa studi praklinis menunjukkan ekstrak daun bandotan memiliki potensi efek antidiare. Namun, manfaat ini belum terbukti secara pasti pada manusia dan penggunaan jangka panjang tetap harus diawasi tenaga medis.
6. Membantu mengobati anemia
Kandungan mineral dan antioksidan dalam daun bandotan juga bermanfaat untuk mengobati anemia. Kandungan mineral seperti zat besi dalam daun bandotan diyakini bermanfaat untuk mendukung pembentukan sel darah merah di dalam tubuh. Selain itu, senyawa antioksidan seperti flavonoid juga bisa membantu melindungi sel darah dari kerusakan dan memperbaiki proses regenerasi sel.
Perpaduan zat besi dan antioksidan ini diduga dapat membantu tubuh memproduksi hemoglobin lebih optimal, sehingga berpotensi mencegah atau mengurangi gejala anemia. 
7. Meningkatkan sistem kekebalan tubuh
Berkat kandungan antioksidan di dalamnya, daun bandotan juga dapat bermanfaat untuk menjaga daya tahan tubuh. Senyawa antioksidan yang terkandung di dalamnya, seperti flavonoid dan tanin, dapat menangkal radikal bebas yang berpotensi merusak sel-sel kekebalan tubuh. 
Dengan begitu, sistem imun tetap dapat bekerja optimal dalam melindungi tubuh dari infeksi bakteri maupun virus penyebab penyakit. 
Itulah beberapa manfaat daun bandotan yang bisa Anda dapatkan. Sebelum mengonsumsinya, penting untuk diingat bahwa daun bandotan dapat menyebabkan reaksi alergi pada sebagian orang, seperti iritasi, gatal, atau ruam kulit, terutama jika digunakan sebagai obat luar. 
Selain itu, penggunaan dalam jumlah banyak atau jangka panjang, khususnya secara diminum, berisiko menimbulkan gangguan pada hati atau pencernaan.
Daun bandotan belum terbukti aman untuk ibu hamil, menyusui, anak-anak, maupun penderita penyakit kronis, sehingga sebaiknya dihindari pada kelompok ini. Ekstrak daun bandotan juga berpotensi berinteraksi dengan obat-obatan medis, jadi konsultasikan dahulu dengan dokter sebelum menggunakannya secara rutin.
Daun Bandotan dan Tips Menggunakannya
Untuk mendapatkan manfaat daun bandotan secara maksimal, Anda bisa menggunakannya dengan cara direbus sebagai jamu, dicampur dalam sayur bening, atau digunakan sebagai kompres pada bagian tubuh yang bermasalah. Selain itu, daun bandotan juga bisa diolah menjadi ramuan tradisional untuk oles luar atau diminum dengan takaran tertentu.
Di pasaran, daun bandotan terkadang tersedia dalam bentuk ekstrak, suplemen, atau teh herbal. Namun, nutrisi pada produk suplemen daun bandotan bisa saja berbeda dari daun bandotan segar. Oleh karena itu, agar manfaatnya optimal, disarankan untuk memilih daun bandotan segar yang diolah sendiri di rumah.
Sebelum mengolah daun bandotan, ada beberapa tips yang sebaiknya Anda lakukan, yaitu:
Cuci bersih daun bandotan di bawah air mengalir sebelum diolah.
Gunakan air matang saat merebus atau mengolah daun bandotan untuk dikonsumsi.
Jika ingin menambahkannya ke dalam masakan, gunakan bersama bahan sehat lain, seperti wortel, bayam, atau tempe.
Untuk pemakaian luar, pastikan daun dihancurkan dengan tangan bersih, lalu tempelkan pada area kulit yang diinginkan.
Simpan daun bandotan segar dalam lemari es agar tetap awet. Sementara itu, daun bandotan yang sudah dikeringkan bisa disimpan di wadah tertutup.
Meski potensi manfaatnya cukup banyak, konsumsi daun bandotan tetap tidak bisa menggantikan pola makan sehat secara keseluruhan. Pastikan Anda tetap mengonsumsi makanan bergizi seimbang, berolahraga secara teratur, dan selalu konsultasi ke dokter jika ingin menggunakan daun bandotan sebagai herbal pendukung.
Jika Anda tertarik mencoba daun bandotan sebagai herbal, mulailah dengan dosis kecil dan gunakan hanya sebagai pendamping, bukan pengganti pengobatan utama. Amati perubahan pada tubuh setelah pemakaian pertama, dan segera hentikan jika muncul efek samping seperti mual, ruam kulit, atau sesak napas.
Jika Anda merasa ragu untuk menggunakan daun bandotan atau mengalami reaksi yang tidak biasa setelah memakai daun ini, jangan ragu untuk mengonsultasikannya ke dokter. Anda bisa memanfaatkan layanan Chat Bersama Dokter agar mendapatkan saran medis yang tepat dan sesuai kondisi Anda."
7 Manfaat Buah Pinang Muda untuk Pria yang Perlu Diketahui,KESEHATAN,https://www.alodokter.com/7-manfaat-buah-pinang-muda-untuk-pria-yang-perlu-diketahui,Terakhir diperbarui: 16 September 2025,"Manfaat buah pinang muda untuk pria tidak hanya berkaitan dengan peningkatan stamina, tetapi juga dipercaya...","Manfaat buah pinang muda untuk pria tidak hanya berkaitan dengan peningkatan stamina, tetapi juga dipercaya memiliki berbagai potensi manfaat lain bagi kesehatan pria. Semua manfaat tersebut tidak lepas dari beragam kandungan zat aktif, serat, dan antioksidan yang terdapat di dalamnya.
Buah pinang muda (Areca catechu) merupakan salah satu tanaman tropis yang cukup mudah ditemukan di Indonesia. Selain digunakan sebagai bagian dari tradisi dan pengobatan herbal di beberapa daerah, buah pinang muda juga kerap dikonsumsi sebagai jamu alami penambah tenaga. 
Dengan kandungan nutrisi dan senyawa aktif di dalamnya, buah pinang muda menawarkan sejumlah manfaat kesehatan bagi pria yang sayang untuk dilewatkan. Meski begitu, sebagian manfaatnya masih membutuhkan penelitian lebih lanjut untuk memastikan efektivitas dan keamanannya.
Manfaat Buah Pinang Muda untuk Pria
Beragam manfaat buah pinang muda untuk pria tentu diperoleh dari kandungan nutrisi di dalamnya, seperti alkaloid (arekolin), serat, tanin, dan antioksidan. Meski manfaatnya menarik, sebagian besar masih memerlukan bukti ilmiah lebih lanjut untuk memastikan efektivitas dan keamanannya bagi kesehatan.
Berikut ini adalah beberapa manfaat buah pinang muda untuk pria yang bisa didapatkan:
1. Menambah energi dan stamina
Buah pinang muda dipercaya mampu memberikan tambahan energi dan membantu mengurangi rasa lelah setelah beraktivitas. Kandungan alkaloid di dalamnya bisa memberi efek menyegarkan sehingga tubuh terasa lebih bertenaga.
Manfaat ini dapat menjadi pilihan alami bagi Anda yang ingin menjaga vitalitas. Meski demikian, efektivitasnya sebagai penambah energi masih harus dibuktikan melalui penelitian medis lebih lanjut.
2. Mendukung kesehatan reproduksi 
Manfaat buah pinang muda untuk pria lainnya adalah mendukung kesehatan reproduksi. Komponen aktif di dalamnya, seperti seng (zinc) dan fosfor berperan dalam produksi hormon serta kesehatan sperma dan organ reproduksi pria.
Selain itu, alkaloid di dalamnya diyakini mampu merangsang sistem saraf sehingga meningkatkan performa seksual. Namun, hingga saat ini, penelitian ilmiah masih diperlukan untuk memastikan keamanan dan manfaat sebenarnya bagi kesehatan reproduksi.
3. Menjaga kesehatan pencernaan
Konsumsi buah pinang muda dipercaya dapat membantu memperlancar pencernaan dan mencegah sembelit. Kandungan serat dan alkaloid di dalamnya berperan penting dalam mendukung sistem pencernaan agar tetap sehat.
Jika Anda mengalami masalah pencernaan, buah pinang muda bisa menjadi salah satu alternatif alami. Namun, manfaat ini sebaiknya dijadikan pelengkap, sebab bukti medis yang kuat masih diperlukan untuk mendukung klaim ini.
4. Mencegah dan mengatasi anemia
Buah pinang mengandung zat besi yang dibutuhkan untuk pembentukan sel darah merah. Hal ini menjadikan buah pinang sebagai salah satu makanan yang dapat mencegah dan mengatasi kurang darah atau anemia, termasuk pada pria.
Agar manfaat ini lebih optimal, anemia juga dapat dicegah dengan mengonsumsi makanan lain yang kaya akan zat besi, seperti daging, hati, ikan, bayam, dan kacang kedelai.
5. Meningkatkan daya tahan tubuh
Berkat kandungan antioksidan di dalamnya, buah pinang muda juga dapat bermanfaat untuk menjaga daya tahan tubuh. Senyawa antioksidan yang terkandung di dalam buah pinang muda, seperti flavonoid dan tanin, dapat menangkal radikal bebas yang berpotensi merusak sel-sel kekebalan tubuh. 
Dengan begitu, sel imun tetap dapat bekerja optimal dalam melindungi tubuh dari infeksi bakteri maupun virus penyebab penyakit. 
6. Meningkatkan kekuatan otot
Meningkatkan kekuatan otot dapat menjadi salah satu manfaat buah pinang muda untuk pria, terutama bagi pria yang aktif. Zat-zat tertentu di dalamnya, seperti alkaloid, memiliki efek stimulan dan bisa membuat tubuh terasa lebih bertenaga. 
Meski demikian, klaim ini belum terbukti secara ilmiah dan masih membutuhkan penelitian lebih lanjut untuk memastikan efektivitas dan keamanannya bagi kesehatan otot.
7. Menjaga kesehatan tulang
Manfaat buah pinang muda untuk pria lainnya adalah membantu memelihara kesehatan tulang. Khasiat ini berasal dari kandungan mineral penting di dalamnya, seperti fosfor, yang berperan dalam memperkuat tulang dan meningkatkan kepadatan mineral tulang.
Selain itu, senyawa arekolin yang terkandung dalam buah pinang muda diduga mampu menghambat aktivitas sel osteoklas, yaitu sel yang bertugas memecah jaringan tulang, sehingga dapat mencegah osteoporosis. 
Agar manfaat buah pinang muda untuk pria dapat diperoleh secara optimal dan tetap aman, sebaiknya Anda tidak mengonsumsinya secara berlebihan maupun rutin tanpa pengawasan dokter. Penggunaan buah pinang muda yang tidak tepat, apalagi jika dicampur tembakau, justru berisiko menimbulkan efek samping, seperti gangguan pencernaan, detak jantung meningkat, hingga meningkatkan risiko kanker mulut.
Jika Anda ingin mencoba manfaat buah pinang untuk pria, tetapi memiliki kondisi medis tertentu, konsultasikan terlebih dahulu ke dokter sebelum mencoba buah pinang muda. Konsultasi bisa dilakukan secara praktis lewat fitur Chat Bersama Dokter di aplikasi ALODOKTER, agar Anda mendapat saran konsumsi yang tepat dan sesuai kondisi kesehatan Anda."
"Sering Pusing, Ini Penyebab yang Perlu Diketahui",KESEHATAN,https://www.alodokter.com/sering-pusing-ini-penyebab-yang-perlu-diketahui,Terakhir diperbarui: 16 September 2025,"Sering pusing tidak selalu berarti ada penyakit serius, tetapi keluhan ini bisa mengganggu aktivitas, menurunkan...","Sering pusing tidak selalu berarti ada penyakit serius, tetapi keluhan ini bisa mengganggu aktivitas, menurunkan konsentrasi, dan membuat penderitanya tidak nyaman. Mengetahui penyebab sering pusing dapat membantu Anda menemukan solusi yang tepat agar tetap produktif sepanjang hari.
Sering pusing bisa dialami siapa saja, mulai dari remaja, ibu menyusui, pekerja kantoran, hingga lansia. Kebanyakan kasus pusing memang tidak berbahaya. Namun, Anda tetap perlu waspada jika pusing sering muncul atau disertai keluhan lain yang mengganggu.
Ada beragam faktor yang bisa memicu keluhan ini, mulai dari kebiasaan sehari-hari hingga kondisi medis tertentu. Dengan memahami penyebabnya, Anda bisa mengambil langkah pencegahan dan penanganan yang tepat guna mengatasi kondisi ini.
Penyebab Sering Pusing yang Perlu Diketahui
Ada beberapa penyebab sering pusing yang umum terjadi dalam aktivitas sehari-hari. Berikut ini beberapa faktor yang bisa membuat Anda sering merasa pusing:
1. Kurang tidur atau kelelahan
Kurang tidur atau sering begadang bisa saja membuat tubuh tidak punya cukup waktu untuk memulihkan diri. Jika terjadi terus-menerus, keseimbangan sistem saraf dan hormon akan terganggu, sehingga Anda semakin sering pusing, sulit berkonsentrasi, dan mudah tersinggung.
Kelelahan fisik akibat aktivitas berat juga bisa meningkatkan risiko pusing. Oleh karena itu, tidur cukup dan istirahat teratur sangat penting untuk menjaga kesehatan secara menyeluruh.
2. Dehidrasi
Kurangnya asupan cairan dapat menyebabkan tubuh kehilangan banyak elektrolit dan air yang sangat dibutuhkan untuk fungsi organ, termasuk otak. Jika cairan tubuh berkurang, tekanan darah juga dapat menurun sehingga aliran darah ke otak menjadi tidak optimal. 
Akibatnya, Anda akan merasa sering pusing, terutama saat bangun dari posisi duduk atau berbaring. Risiko dehidrasi lebih tinggi pada cuaca panas atau saat beraktivitas fisik yang berat tanpa cukup minum.
3. Gula darah rendah
Saat Anda telat makan, menjalani diet terlalu ketat, atau kelelahan, kadar gula darah dalam tubuh bisa menurun secara signifikan. Tubuh membutuhkan glukosa sebagai sumber energi utama, termasuk untuk fungsi otak. 
Jika gula darah rendah, Anda bisa mengalami pusing yang disertai rasa lemas, gemetar, atau keringat dingin. Kondisi ini dapat memburuk jika tidak segera makan atau minum sesuatu yang manis.
4. Anemia
Sering pusing kerap menjadi salah satu tanda anemia. Nah, anemia sendiri terjadi karena kurangnya jumlah sel darah merah atau kadar hemoglobin dalam darah. Sel darah merah berfungsi membawa oksigen ke seluruh tubuh, termasuk otak. 
Ketika jumlahnya menurun, suplai oksigen yang dibutuhkan otak juga berkurang sehingga menimbulkan keluhan pusing, lemah, dan sering mudah lelah. Pada kasus yang berat, anemia juga dapat menyebabkan jantung berdetak lebih cepat dan sesak napas saat beraktivitas.
5. Perubahan hormon
Perubahan kadar hormon kerap dialami oleh wanita, misalnya saat menstruasi, kehamilan, atau menyusui. Saat hormon estrogen atau progesteron berubah, beberapa fungsi tubuh pun ikut terpengaruh termasuk tekanan darah dan kadar gula. 
Akibatnya, Anda bisa merasa lebih mudah pusing dari biasanya. Selain itu, perubahan hormon juga dapat memengaruhi suasana hati dan tingkat energi sehari-hari. 
6. Kondisi medis tertentu
Sering pusing juga bisa saja menjadi tanda dari suatu kondisi tertentu, seperti sakit kepala migrain, vertigo, atau tekanan darah rendah, dapat menyebabkan pusing yang sering kambuh. Migrain biasanya disertai nyeri kepala berdenyut dan sensitif terhadap cahaya atau suara, sedangkan vertigo menimbulkan sensasi berputar. 
Pusing juga bisa menjadi tanda awal dari penyakit lain yang lebih serius, misalnya infeksi telinga, gangguan irama jantung (aritmia), hingga komplikasi diabetes. Jika pusing terjadi terus-menerus atau semakin berat, sebaiknya segera periksakan diri ke dokter.
Cara Sederhana Mengatasi Sering Pusing
Beberapa langkah mudah berikut ini bisa membantu meredakan pusing yang ringan:
Minum air putih minimal 2 liter setiap hari.
Konsumsi makanan bergizi seimbang agar gula darah tetap stabil.
Tidur cukup dan hindari begadang.
Jangan menunda makan jika sudah lapar, terutama bagi ibu menyusui, ibu hamil, atau yang beraktivitas berat.
Jika pusing disertai gejala lain, seperti muntah hebat, pandangan kabur, pingsan, atau sulit berbicara, segera memeriksakan diri ya. Jangan tunda jika pusing disertai tanda bahaya, karena bisa menandakan kondisi yang lebih serius, misalnya gangguan saraf atau infeksi.
Menjaga pola hidup sehat, istirahat cukup, dan rutin minum air putih bisa membantu mencegah pusing datang kembali. Namun, bila sering pusing membuat Anda khawatir atau mengganggu aktivitas sehari-hari, jangan ragu untuk chat dengan dokter melalui agar bisa segera mendapatkan solusi yang sesuai dengan kondisi Anda."
"Buah Pelancar ASI, Dukungan Alami untuk Menyusui Lebih Lancar",KELUARGA,https://www.alodokter.com/buah-pelancar-asi-dukungan-alami-untuk-menyusui-lebih-lancar,Terakhir diperbarui: 16 September 2025,Buah pelancar ASI sejak lama dipercaya dapat membantu menjaga kelancaran produksi ASI. Salah satu buah...,"Buah pelancar ASI sejak lama dipercaya dapat membantu menjaga kelancaran produksi ASI. Salah satu buah yang paling dikenal adalah pepaya, baik pepaya muda maupun matang. Berkat ragam nutrisi di dalamnya, buah memang penting untuk melengkapi kebutuhan nutrisi harian ibu menyusui agar tetap sehat selama masa laktasi.
Beberapa jenis buah memang sering direkomendasikan sebagai pelengkap menu harian, terutama pada ibu menyusui. Hal ini karena buah-buahan mengandung beragam vitamin, mineral, dan serat yang bermanfaat untuk mendukung kesehatan. 
Saat tubuh tetap sehat dan kebutuhan nutrisinya tercukupi, proses menyusui pun bisa berjalan lebih lancar. Selain itu, pola makan yang penuh variasi, istirahat cukup, dan pengelolaan stres juga berperan penting dalam menjaga kelancaran produksi ASI. Lantas, apa saja buah pelancar ASI yang bisa Bunda konsumsi?
Buah Pelancar ASI yang Paling Populer dan Manfaatnya
Memilih buah pelancar ASI yang tepat bisa menjadi salah satu cara menyenangkan untuk menjaga kesehatan dan mendukung proses menyusui Si Kecil. Namun, karena ada banyak jenis buah, mungkin Bunda bingung untuk memilih yang tepat untuk dikonsumsi.
Nah, beberapa buah ini sering dianggap dapat membantu melancarkan produksi ASI. Berikut rekomendasi serta manfaatnya untuk ibu menyusui:
1. Pepaya
Seperti yang sudah disebutkan, pepaya merupakan buah pelancar ASI yang cukup popular. Pepaya muda khususnya, sudah lama dipercaya sebagai salah satu buah yang bermanfaat untuk ibu menyusui. Buah ini mengandung vitamin A, vitamin C, dan serat yang penting untuk mendukung sistem imun dan kelancaran pencernaan. 
Pepaya juga dikenal memiliki tekstur yang lembut dan rasa yang menyegarkan, sehingga cocok sebagai pilihan camilan sehat selama menyusui.
2. Alpukat
Alpukat merupakan buah yang kaya akan lemak sehat, seperti asam lemak tak jenuh. Tak hanya itu, alpukat juga mengandung berbagai vitamin, mineral, dan lemak sehat yang dapat mendukung kebutuhan energi ibu selama masa menyusui. 
Ketika kebutuhan nutrisi ibu tercukupi, proses menyusui biasanya juga berjalan lebih lancar. Jadi, meski tidak secara langsung meningkatkan produksi ASI, konsumsi alpukat tetap bermanfaat sebagai bagian dari pola makan sehat ibu menyusui. 
3. Jeruk
Buah pelancar ASI yang bisa Bunda konsumsi berikutnya adalah jeruk. Ini karena jeruk mengandung vitamin C, air, serat, dan berbagai zat gizi lain yang penting bagi ibu menyusui. Namun, hingga saat ini, belum ada bukti ilmiah yang menunjukkan bahwa jeruk secara langsung dapat meningkatkan produksi ASI.
Meski demikian, konsumsi jeruk tetap baik untuk membantu memenuhi kebutuhan cairan, mendukung daya tahan tubuh, serta membantu pemulihan setelah melahirkan. Dengan tubuh yang sehat dan kebutuhan nutrisi tercukupi, proses menyusui umumnya berjalan lebih lancar. Jadi, meski tidak secara langsung memperbanyak ASI, jeruk bermanfaat sebagai bagian dari pola makan sehat Busui.
4. Pisang
Pisang merupakan buah yang mudah ditemukan dan disukai sebagian orang, termasuk ibu menyusui. Kandungan kaliumnya dapat membantu mengatur keseimbangan cairan tubuh.
Selain itu, pisang juga bagus untuk ibu menyusui karena kaya akan vitamin dan serat yang dapat membantu menjaga stamina serta kesehatan tubuh hingga menjaga keseimbangan cairan. 
Meski pisang belum terbukti langsung dalam memengaruhi produksi ASI, buah ini tetap baik dikonsumsi sebagai bagian dari pola makan sehat ibu menyusui dan juga memberikan asupan energi.
5. Buah naga 
Tak hanya lezat dan menyegarkan, buah naga juga baik dikonsumsi ibu menyusui karena kaya akan vitamin C, zat besi, kalsium, magnesium, serta serat dan antioksidan. Kandungan gizi tersebut sangat bermanfaat untuk mendukung kesehatan tubuh, membantu menjaga daya tahan tubuh, serta menunjang kebutuhan energi selama menyusui.
Dengan asupan nutrisi yang cukup, tubuh ibu akan lebih sehat dan proses menyusui pun bisa berjalan lebih lancar. Namun, seperti buah lainnya, buah naga tidak secara langsung memperbanyak produksi ASI.
6. Melon
Melon juga termasuk dalam buah pelancar ASI berkat kandungan air, vitamin C, dan berbagai antioksidan yang bermanfaat untuk tubuh. Kandungan air di dalam melon sangat membantu menjaga hidrasi, yang merupakan salah satu faktor penting agar produksi ASI tetap lancar. 
Selain itu, melon juga memiliki rasa segar dan manis alami, sehingga cocok dijadikan camilan sehat untuk Busui yang ingin tetap bugar selama masa menyusui.
7. Semangka
Tak hanya melon, Bunda juga bisa mengonsumsi semangka sebagai buah pelancar ASI. Soalnya, kandungan airnya sangat tinggi, sehingga baik untuk membantu mencukupi kebutuhan cairan harian yang penting bagi ibu menyusui. 
Semangka juga mengandung vitamin A, vitamin C, dan antioksidan, sehingga membantu menjaga daya tahan tubuh dan mendukung proses pemulihan setelah melahirkan.
8. Apel
Apel adalah salah satu buah kaya serat yang baik untuk kesehatan pencernaan. Apel juga mengandung vitamin C, kalium, dan berbagai antioksidan yang membantu meningkatkan energi ibu menyusui. 
Tekstur apel yang renyah juga menjadikannya pilihan camilan sehat yang praktis dikonsumsi, baik secara langsung maupun diolah menjadi salad atau smoothies.
Tips untuk Melancarkan dan Mendukung Produksi ASI
Agar manfaat buah pelancar ASI bisa dirasakan secara optimal, Bunda dapat mengikuti beberapa tips berikut ini:
  Variasikan konsumsi buah setiap hari untuk mencukupi kebutuhan gizi yang lebih seimbang.
Konsumsi buah bersama makanan utama atau sebagai camilan sehat antara waktu makan.
Penuhi juga asupan protein, karbohidrat, dan lemak sehat dari sumber makanan lain.
Tetap cukupi konsumsi air putih setiap hari, minimal 8 gelas per hari, untuk menjaga cairan tubuh dan mendukung produksi ASI.
  Sering menyusui atau memompa ASI guna merangsang tubuh memproduksi lebih banyak ASI.
Selalu pastikan posisi dan pelekatan menyusui sudah benar guna membantu ASI keluar lebih lancar.
Lakukan kontak kulit ke kulit dengan bayi karena sentuhan langsung bisa membantu merangsang produksi ASI.
Itulah beberapa rekomendasi buah pelancar ASI yang bisa Bunda konsumsi secara rutin. Konsumsi buah pelancar ASI seperti pepaya memang bisa menunjang kesehatan ibu menyusui secara keseluruhan. Namun, asupan nutrisi yang seimbang dan pola hidup sehat tetap harus jadi prioritas utama ya. 
Jika Bunda membutuhkan informasi lebih lanjut seputar nutrisi atau ragu dengan konsumsi buah pelancar ASI, manfaatkan fitur Chat Bersama Dokter agar bisa konsultasi langsung dari rumah dengan mudah."
8 Ciri-Ciri Orang Harus ke Psikiater yang Perlu Diketahui,KESEHATAN,https://www.alodokter.com/8-ciri-ciri-orang-harus-ke-psikiater-yang-perlu-diketahui,Terakhir diperbarui: 16 September 2025,Ciri-ciri orang harus ke psikiater penting untuk dikenali agar masalah kesehatan mental dapat segera ditangani....,"Ciri-ciri orang harus ke psikiater penting untuk dikenali agar masalah kesehatan mental dapat segera ditangani. Banyak orang menunda atau merasa ragu mencari bantuan karena menganggapnya sepele. Padahal, gangguan kejiwaan bisa menjadi semakin berat jika dibiarkan tanpa penanganan yang tepat.
Setiap orang bisa mengalami tekanan atau masalah psikologis pada titik tertentu, mulai dari stres ringan hingga depresi berat. Memahami ciri-ciri orang harus ke psikiater akan membantu Anda atau orang terdekat untuk mengambil langkah yang tepat, sehingga masalah kesehatan mental tidak berkembang menjadi lebih serius.
Ciri-Ciri Orang Harus ke Psikiater
Berikut ini adalah beberapa tanda yang perlu diwaspadai sebagai ciri-ciri orang harus ke psikiater:
1. Perubahan suasana hati yang ekstrem
Perasaan sedih berlebihan, marah tak terkendali, emosi naik turun tiba-tiba, atau kehilangan minat pada hal-hal yang dulu disukai dapat menjadi ciri-ciri orang harus ke psikiater. Kondisi ini biasanya terjadi dalam jangka waktu lama dan mengganggu aktivitas sehari-hari.
Jika perubahan emosi tersebut sulit dikendalikan hingga membuat Anda sering menangis atau melampiaskan amarah tanpa sebab jelas, sebaiknya segera mencari bantuan profesional. Terkadang, gejala ini juga dapat menandakan depresi atau gangguan bipolar.
2. Sulit mengendalikan perilaku atau impuls
Kecenderungan melakukan tindakan berisiko, seperti menyakiti diri sendiri, menggunakan narkoba, atau perilaku agresif, patut diwaspadai. Impuls yang sulit dikontrol dapat merugikan diri sendiri maupun orang lain di sekitar Anda.
Kondisi ini seringkali tidak disadari dan dianggap hanya masalah sepele. Padahal, kondisi ini dapat menjadi tanda adanya gangguan pada fungsi otak atau emosi. 
3. Gangguan tidur atau makan yang parah
Sulit tidur, tidur berlebihan, kehilangan nafsu makan, atau justru makan berlebih tanpa sebab yang jelas bisa menjadi tanda adanya masalah psikologis. Pola tidur dan makan yang terganggu akan memengaruhi kesehatan tubuh secara keseluruhan.
Jika gangguan ini berlangsung lebih dari dua minggu, menyebabkan kelelahan, penurunan berat badan, atau membuat Anda tidak produktif, segera cari bantuan. Ketidakstabilan ini seringkali terkait dengan stres berat, depresi, atau gangguan kecemasan.
4. Penurunan hasrat bersosial
Ciri-ciri orang harus ke psikiater lainnya adalah menarik diri dari lingkungan sosial. Menjauhi interaksi dengan keluarga, teman, atau lingkungan sekitar tanpa alasan jelas merupakan tanda awal adanya masalah mental. Hobi dan kegiatan yang dulu menyenangkan pun bisa tiba-tiba dihindari.
Jika Anda atau orang terdekat mulai sering mengurung diri, merasa tidak nyaman bertemu orang lain, atau lebih suka menyendiri, kondisi ini sebaiknya tidak dianggap remeh. Penarikan diri bisa menjadi tanda depresi atau kecemasan sosial yang memerlukan perhatian khusus.
5. Pikiran untuk menyakiti diri sendiri atau bunuh diri
Munculnya keinginan melukai diri atau berpikir hidup tidak berarti adalah gejala berbahaya yang harus segera mendapat penanganan darurat. Jangan pernah abaikan atau tutup mata terhadap ciri ini.
Tanda ini biasanya disertai rasa putus asa, perasaan tidak dihargai, atau beban hidup yang terasa berat. Jika Anda mengalami hal tersebut, segera minta bantuan keluarga dan tenaga medis agar risiko buruk bisa dicegah.
6. Halusinasi 
Mendengar suara atau melihat sesuatu yang sebenarnya tidak ada, serta yakin pada hal yang tidak nyata menurut orang lain juga bisa menjadi ciri-ciri orang harus ke psikiater. Kondisi ini bisa mengganggu kemampuan dalam membedakan kenyataan dan khayalan.
Halusinasi dan delusi biasanya berkaitan dengan gangguan psikotik, seperti skizofrenia. Jika Anda atau orang terdekat mengalami hal ini, penanganan medis dan psikologis sangat diperlukan agar gejala tidak semakin berat.
7. Penurunan fungsi sosial
Kesulitan menjalankan rutinitas harian, sering absen, atau prestasi tiba-tiba menurun tanpa alasan yang jelas dapat menandakan adanya gangguan mental. Penurunan fungsi ini bisa memengaruhi hubungan dengan keluarga, teman, atau rekan kerja.
Jika Anda merasa tidak mampu menyelesaikan tugas atau merasa terbebani dengan hal-hal yang sebelumnya biasa dilakukan, sebaiknya segera konsultasikan ke tenaga kesehatan jiwa. Semakin cepat ditangani, pemulihan akan lebih mudah dilakukan.
8. Ketergantungan zat tertentu 
Sering menggunakan alkohol, narkoba, atau zat adiktif lain sebagai pelarian dari masalah menandakan adanya gangguan mental yang mendasari. Ketergantungan ini akan memperburuk kondisi mental dan fisik seseorang.
Kecanduan juga sering membuat seseorang kesulitan mengontrol hidup dan kehilangan kepercayaan diri. 
Itulah ciri-ciri orang harus ke psikiater yang penting untuk diketahui. Gangguan mental yang tidak diobati dapat meningkatkan risiko terjadinya komplikasi, seperti gangguan fisik, masalah dalam hubungan dengan orang lain, hingga penurunan kualitas hidup. Penanganan sedini mungkin dapat membantu mencegah kondisi semakin parah dan mempercepat proses pemulihan. 
Jika Anda atau orang terdekat mengalami salah satu ciri-ciri orang harus ke psikiater seperti yang disebutkan di atas, jangan ragu untuk mencari bantuan. Bila Anda masih ragu atau khawatir membicarakan kondisi mental, Anda bisa menggunakan fitur Chat Bersama Dokter di aplikasi ALODOKTER untuk konsultasi secara pribadi dan aman.
Namun, jika gejala sangat berat atau muncul keinginan bunuh diri, segeralah cari pertolongan ke fasilitas kesehatan atau psikiater agar penanganan bisa segera diberikan. Jangan menunda, karena kesehatan mental sama pentingnya dengan kesehatan fisik."
Fungsi Otak Kanan dan Cara Melatihnya,KESEHATAN,https://www.alodokter.com/fungsi-otak-kanan-dan-cara-melatihnya,Terakhir diperbarui: 11 September 2025,"Fungsi otak kanan memiliki peran penting dalam keseharian, terutama dalam hal kreativitas, pengelolaan emosi, serta...","Fungsi otak kanan memiliki peran penting dalam keseharian, terutama dalam hal kreativitas, pengelolaan emosi, serta kemampuan memahami bentuk dan ruang. Agar potensi otak kanan semakin optimal, Anda bisa melatihnya dengan kegiatan yang merangsang kreativitas dan imajinasi.
Otak manusia terbagi menjadi dua bagian, yaitu otak kanan dan otak kiri, yang masing-masing memiliki fungsi berbeda namun saling melengkapi. Otak kanan berperan penting dalam kreativitas, imajinasi, pengelolaan emosi, serta pemahaman bentuk, ruang, dan musik, sedangkan otak kiri lebih dominan dalam logika dan analisis.
Keharmonisan kerja keduanya sangat dibutuhkan agar kemampuan berpikir, belajar, dan berkomunikasi berjalan optimal. Oleh karena itu, menjaga dan melatih otak kanan menjadi langkah penting bagi siapa saja, mulai dari anak-anak, pelajar, pekerja, hingga orang tua.
Fungsi Otak Kanan yang Utama
Otak kanan memiliki peran besar dalam berbagai aspek kehidupan sehari-hari. Bagian otak ini tidak hanya membantu dalam proses berpikir kreatif, tetapi juga memengaruhi cara seseorang berinteraksi, memahami lingkungan, hingga mengendalikan gerakan tubuh.
Berikut adalah beberapa fungsi otak kanan yang penting untuk Anda ketahui:
1. Mengendalikan kreativitas dan imajinasi
Fungsi otak kanan erat kaitannya dengan lahirnya ide-ide baru dan kemampuan berimajinasi. Bagian otak ini aktif saat Anda menulis cerita, menggambar, menciptakan musik, atau menemukan solusi yang berbeda dari kebiasaan. Tanpa peran otak kanan, proses kreatif akan menjadi lebih terbatas.
2. Mengelola emosi dan ekspresi sosial
Otak kanan membantu seseorang dalam memahami emosi diri sendiri maupun orang lain. Kemampuan membaca bahasa tubuh, ekspresi wajah, dan intonasi suara juga melibatkan fungsi otak kanan. Hal ini membuat otak kanan penting dalam menjaga hubungan sosial dan komunikasi yang sehat.
3. Memproses bentuk, ruang, dan visual
Fungsi otak kanan sangat dominan dalam kemampuan mengenali pola, wajah, serta menafsirkan bentuk dan ruang. Aktivitas seperti menata ruangan, membaca peta, atau membayangkan visual detail dipengaruhi oleh bagian otak ini. Tanpa otak kanan, orientasi ruang dan persepsi visual akan terganggu.
4. Memahami musik dan irama
Otak kanan berperan dalam memproses melodi, ritme, dan harmoni pada musik. Berkat fungsi ini, seseorang dapat menikmati, memahami, bahkan menciptakan karya musik. Hal ini juga membuat musik sering digunakan untuk melatih dan menstimulasi aktivitas otak kanan.
5. Mengatur gerakan dan koordinasi tubuh bagian kiri
Fungsi otak kanan juga mencakup kontrol motorik tubuh bagian kiri, termasuk tangan dan kaki. Koordinasi gerakan sehari-hari, seperti menulis dengan tangan kiri atau melangkah, dikendalikan oleh bagian otak ini. Jika otak kanan mengalami gangguan, maka pergerakan tubuh sebelah kiri dapat terganggu.
Jika fungsi otak kanan terganggu, seseorang bisa mengalami kesulitan mengenali wajah atau tempat, penurunan kreativitas, gangguan memahami emosi orang lain, hingga masalah orientasi ruang. Kondisi ini perlu diwaspadai, terutama bila muncul tiba-tiba setelah cedera kepala, stroke, atau gangguan saraf.
Cara Menjaga dan Melatih Fungsi Otak Kanan
Menjaga fungsi otak kanan tidak hanya bermanfaat untuk meningkatkan kreativitas, tetapi juga penting untuk kesehatan otak secara keseluruhan. Berikut beberapa cara yang bisa dilakukan:
Lakukan aktivitas kreatif, seperti melukis, menulis, atau bermain musik untuk merangsang imajinasi.
Ikuti seni pertunjukan, misalnya menari, bernyanyi, atau teater untuk menyalurkan ekspresi dan kreativitas.
Berlatih mindfulness melalui meditasi atau yoga agar pikiran lebih tenang dan emosi lebih seimbang.
Jaga interaksi sosial dengan keluarga, teman, atau komunitas untuk menurunkan risiko demensia.
Asah kemampuan berpikir dengan bermain puzzle, membaca, atau permainan memori untuk melatih kognitif.
Rutin berolahraga, seperti aerobik, guna mendukung kesehatan otak dan mencegah penyakit degeneratif.
Konsumsi makanan untuk kesehatan otak, seperti sayuran, ikan berlemak, kacang, dan biji-bijian, serta batasi gula.
Cukupi tidur yang berkualitas agar otak dapat memperbaiki sel, membuang racun, dan memperkuat memori.
Kendalikan faktor risiko dengan berhenti merokok, menjaga berat badan, serta mengontrol tekanan darah dan gula darah.
Dengan mengetahui fungsi otak kanan, Anda dapat lebih memahami cara kerja tubuh sekaligus menjaga kesehatan otak secara optimal. Melatih otak kanan secara rutin juga membantu meningkatkan kreativitas, emosi, serta kemampuan sosial dalam kehidupan sehari-hari.
Jika Anda masih memiliki pertanyaan tentang fungsi otak kanan atau ingin tahu cara melatihnya sesuai kebutuhan, jangan ragu untuk chat langsung dengan dokter melalui Chat Bersama Dokter di aplikasi ALODOKTER."
6 Salep Mata Bengkak yang Tersedia di Apotek,KESEHATAN,https://www.alodokter.com/6-salep-mata-bengkak-yang-tersedia-di-apotek,Terakhir diperbarui: 11 September 2025,Salep mata bengkak menjadi solusi praktis untuk meredakan pembengkakan pada mata akibat infeksi bakteri atau...,"Salep mata bengkak menjadi solusi praktis untuk meredakan pembengkakan pada mata akibat infeksi bakteri atau iritasi ringan. Namun, penting untuk memastikan jenis salep yang dipilih sesuai dengan penyebab mata bengkak agar hasilnya efektif dan aman.
Mata bengkak bisa disebabkan oleh infeksi bakteri, alergi, maupun iritasi akibat debu, polusi, atau penggunaan kosmetik yang tidak cocok. Gangguan mata tertentu, seperti konjungtivitis atau bintitan juga sering memicu pembengkakan di area mata, yang biasanya disertai gejala lain seperti gatal, perih, dan keluarnya cairan.
Untuk mengatasinya, pemilihan salep mata bengkak yang tepat sangat penting agar infeksi atau iritasi bisa teratasi dengan optimal tanpa menimbulkan efek samping. Salep ini bekerja langsung di area yang mengalami peradangan, sehingga keluhan mata bengkak cepat mereda.
Pilihan Salep Mata Bengkak
Salep mata bengkak umumnya berbentuk tube kecil yang mudah digunakan. Berikut ini adalah beberapa produk salep mata bengkak yang umumnya tersedia di apotek:
Cendo Polygran Salep Mata 3,5 gr
Harga: mulai dari Rp31.000 per tube
Beli Cendo Polygran Salep Mata 3,5 gr di Aloshop
Beli di Aloshop
Cendo Polygran mengandung kombinasi antibiotik polymyxin B sulfate, neomycin sulfate, dan gramicidin yang efektif melawan bakteri penyebab infeksi pada mata. Mekanisme kerjanya yaitu membunuh bakteri yang sering menyebabkan pembengkakan, iritasi, dan belekan pada mata.
Salep mata bengkak ini tersedia dalam tube 3,5 gram dan termasuk obat keras yang harus digunakan sesuai petunjuk dokter. Oleskan salep pada bagian mata yang bengkak, setiap 4 jam, selama 7–10 hari. Salep ini sebaiknya dihindari oleh penderita alergi terhadap antibiotik tertentu.
Cendo Hervis Salep Mata 3,5 gr
Harga: mulai dari Rp61.000 per tube
Beli Cendo Hervis Salep Mata 3,5 gr di Aloshop
Beli di Aloshop
Cendo Hervis mengandung acyclovir yang membantu meredakan pembengkakan pada mata akibat infeksi virus herpes simpleks. Kandungan tersebut bekerja dengan cara menghambat pertumbuhan dan penyebaran virus, sehingga keluhan mata bengkak dapat berkurang.
Cara penggunaan salep mata bengkak ini cukup mudah. Cukup oleskan salep pada mata sebanyak 5 kali sehari dengan jeda 4 jam antardosis. Cendo Hervis termasuk golongan obat keras, sehingga penggunaannya memerlukan anjuran dokter.
Cendo Mycos Salep Mata 3,5 gr
Harga: mulai dari Rp38.000 per tube
Beli Cendo Mycos Salep Mata 3,5 gr di Aloshop
Beli di Aloshop
Cendo Mycos digunakan untuk membantu mengatasi mata bengkak yang disebabkan oleh infeksi bakteri serta peradangan pada mata. Salep mata bengkak ini mengandung kombinasi hydrocortisone dan chloramphenicol. 
Hydrocortisone berfungsi menekan reaksi sistem kekebalan tubuh sehingga peradangan dan rasa nyeri dapat berkurang. Sementara itu, chloramphenicol bekerja dengan menghambat sekaligus membunuh bakteri penyebab infeksi pada mata.
Penggunaan Cendo Mycos sebagai salep mata bengkak adalah dioleskan pada bagian dalam kelopak mata dari mata yang sakit, sebanyak 2–3 kali sehari. Cendo mycos merupakan obat resep. Oleh karena itu, penggunaan salep ini harus berdasarkan petunjuk dari dokter.
Cendo Tobroson Salep Mata 3,5 gr
Harga: mulai dari Rp72.000 per tube
Beli Cendo Tobroson Salep Mata 3,5 gr di Aloshop
Beli di Aloshop
Salep mata bengkak yang bisa Anda coba lainnya adalah Cendo Tobroson. Kandungan tobramycin di dalam salep ini bekerja dengan cara membunuh serta menghambat pertumbuhan bakteri penyebab infeksi. Sementara dexamethasone berfungsi mengurangi peradangan dan pembengkakan pada mata.
Gunakan Cendo Tobroson dengan cara dioleskan tipis pada area mata yang sakit sesuai anjuran dokter, biasanya 2–3 kali sehari. Salep ini termasuk obat keras yang hanya bisa digunakan dengan resep dokter.
Cendo Fenicol Salep Mata 3,5 gr
Harga: mulai dari Rp32.000 per tube
Beli Cendo Fenicol Salep Mata 3,5 gr di Aloshop
Beli di Aloshop
Cendo Fenicol merupakan salep mata bengkak yang mengandung chloramphenicol, yaitu antibiotik yang mampu membunuh sekaligus menghambat pertumbuhan bakteri penyebab infeksi. Dengan begitu, mata bengkak bisa lebih cepat sembuh.
Untuk mengatasi mata bengkak, oleskan Cendo Fenicol sebanyak 4-5 kali sehari hingga infeksi sembuh atau sesuai anjuran dokter.
Erlamycetin 1% Salep Mata 3,5 gr
Harga: mulai dari Rp25.000 per tube
Beli Erlamycetin 1% Salep Mata 3,5 gr di Aloshop
Beli di Aloshop
Erlamycetin adalah salep yang digunakan untuk mengatasi infeksi pada mata akibat bakteri, seperti konjungtivitis, keratitis, atau bintitan. Salep mata bengkak ini mengandung chloramphenicol, yaitu antibiotik yang bekerja dengan cara membunuh sekaligus menghambat pertumbuhan bakteri penyebab mata bengkak.
Penggunaan Erlamycetin dilakukan dengan cara mengoleskan salep pada bagian mata yang bengkak sebanyak 4–5 kali sehari. Erlamycetin termasuk obat keras, sehingga penggunaannya harus berdasarkan resep dokter untuk memastikan pengobatan aman dan efektif.
Selain menggunakan salep mata bengkak, Anda juga bisa melakukan perawatan mandiri di rumah, misalnya dengan mengompres mata menggunakan air hangat, hindari menyentuh atau menggosok mata dengan tangan kotor, serta hentikan sementara penggunaan kosmetik atau lensa kontak, guna mempercepat pemulihan.
Jika bengkak pada mata tidak membaik dalam 2–3 hari atau disertai nyeri hebat, gangguan penglihatan, atau keluar cairan, sebaiknya segera konsultasi ke dokter untuk pemeriksaan lebih lanjut.
Anda bisa memanfaatkan fitur Chat Bersama Dokter di ALODOKTER agar mendapat saran pengobatan yang sesuai, atau langsung periksakan diri ke fasilitas kesehatan terdekat jika keluhan berat dan mendadak muncul. Dengan pemilihan salep mata bengkak yang tepat serta pemantauan gejala, kesehatan mata Anda dapat terjaga dengan lebih baik."
6 Salep Herpes di Apotik yang Ampuh,KESEHATAN,https://www.alodokter.com/salep-herpes-di-apotik-yang-ampuh,Terakhir diperbarui: 11 September 2025,Salep herpes di apotik bisa digunakan untuk mengurangi keluhan dan mempercepat proses penyembuhan luka herpes....,"Salep herpes di apotik bisa digunakan untuk mengurangi keluhan dan mempercepat proses penyembuhan luka herpes. Karena penggunaannya yang langsung dioles pada area kulit yang bermasalah, sehingga keluhan yang muncul akibat herpes dapat mereda dengan lebih cepat.
Herpes merupakan infeksi kulit yang dapat disebabkan oleh virus herpes simpleks (HSV) atau herpes zoster. Kondisi ini biasanya diawali dengan munculnya bintil-bintil berisi air di area mulut, alat kelamin, atau bagian tubuh lain, yang kemudian pecah dan menimbulkan luka gatal dan nyeri. 
Nah, salep herpes di apotik dapat menjadi pertolongan pertama untuk mengatasi gejala herpes dan mencegahnya muncul kembali. Namun, pastikan pemilihan salep tidak asal-asalan ya. Pasalnya, penggunaan salep yang keliru justru dapat memperparah iritasi atau memperlambat penyembuhan luka herpes.
Pilihan Salep Herpes di Apotik
Ada banyak merek salep herpes di apotek, baik yang bisa dibeli tanpa resep maupun dengan resep dokter. Obat-obatan ini umumnya mengandung bahan-bahan yang efektif dalam membasmi virus herpes.
Berikut ini adalah berbagai pilihan salep herpes yang bisa Anda gunakan:
Clinovir 
Harga: mulai dari Rp42.000 per tube
Beli Clinovir Krim 5 gr di Aloshop
Beli di Aloshop
Clinovir mengandung acyclovir 5% yang efektif digunakan sebagai salep herpes. Ini karena acyclovir mampu menghambat replikasi virus herpes di kulit sehingga membantu mempercepat penyembuhan luka dan mencegah penyebaran virus ke area lain.
Clinovir merupakan obat golongan keras, sehingga hanya bisa digunakan sesuai petunjuk dokter. Umumnya, dokter akan menganjurkan Anda untuk mengoleskan Clinovir secara tipis ke area yang terkena herpes sebanyak 5 kali sehari selama 5–10 hari. 
Efek samping, seperti perih, gatal, atau sensasi kering pada kulit bisa saja muncul, baik saat maupun setelah Clinovir dioleskan. Selain itu, saat pemakaian salep herpes di apotik ini, hindari area mata ya.
Acifar 
Harga: mulai dari Rp18.000 per tube
Beli Acifar 5% Krim 5 gr di Aloshop
Beli di Aloshop
Acifar juga mengandung acyclovir 5% yang efektif menghentikan pertumbuhan dan penyebaran virus herpes. Selain itu, salep ini juga efektif untuk mengurangi keluhan nyeri serta mempercepat pemulihan luka herpes.
Untuk menggunakan Acifar sebagai obat herpes sangat mudah, Anda cukup mengoleskannya secara tipis pada area yang terinfeksi sebanyak 5 kali sehari. Meski begitu, perlu diketahui bahwa salep herpes di apotik ini termasuk dalam golongan obat keras, sehingga penggunaannya hanya bisa ditentukan oleh dokter.
Efek samping yang mungkin timbul, antara lain kulit kemerahan, perih, atau kering. Selain itu, salep ini sebaiknya tidak digunakan di area dekat mata.
Zoter 
Harga: mulai dari Rp105.000 per tube
Beli Zoter Krim 5 gr di Aloshop
Beli di Aloshop
Berkat kandungan acyclovir di dalamnya, Zoter juga dapat menjadi pilihan salep herpes di apotik. Pasalnya, kandungan acyclovir dalam salep ini mampu menekan jumlah virus herpes di kulit, sehingga luka herpes bisa lebih cepat sembuh sekaligus menurunkan risiko penularan.
Meski termasuk salep herpes di apotik, Zoter hanya bisa dibeli dan digunakan sesuai dengan resep dokter. Hal ini karena Zoter merupakan obat golongan keras. Dosis penggunaan Zoter sebagai obat herpes umumnya sebanyak 5 kali sehari. Caranya, yaitu dengan mengoleskannya secara tipis ke area luka herpes. Namun, pastikan hindari area dekat mata ya. 
Efek samping, seperti munculnya rasa terbakar ringan, kemerahan, atau gatal terkadang bisa terjadi pada area luka, baik saat atau setelah penggunaan Zoter.
Molavir 
Harga: mulai dari Rp20.000 per tube
Beli Molavir Krim 5 gr di Aloshop
Beli di Aloshop
Dalam satu tube Molavir terkandung acyclovir 5% yang efektif menekan perkembanganbiakan virus herpes pada kulit, sehingga mempercepat pemulihan luka dan mengurangi risiko komplikasi.
Molavir merupakan obat golongan keras yang hanya bisa diperoleh dan digunakan setelah berkonsultasi dengan dokter. Meski begitu, dokter umumnya akan menganjurkan Anda untuk mengoleskan Molavir secara tipis ke area terinfeksi sebanyak 5 kali sehari. 
Agar tidak menimbulkan masalah kesehatan lain, pastikan Anda tidak mengoleskan salep herpes di apotik ini ke area dekat mata. Efek samping ringan, seperti perih, kemerahan, atau rasa panas di area luka dapat terjadi saat awal pemakaian.
Virugon 
Harga: mulai dari Rp28.000 per tube
Beli Virugon Krim 5 gr di Aloshop
Beli di Aloshop
Virugon merupakan salep herbal yang mengandung ekstrak drymaria cordata. Kandungan ini dikenal memiliki sifat antiradang yang efektif meredakan peradangan pada kulit akibat infeksi kulit seperti herpes.
Virugon termasuk dalam golongan obat bebas, sehingga Anda bisa membeli salep herpes di apotik tanpa resep dokter. Untuk menggunakan Virugon, Anda cukup mengoleskannya tipis-tipis pada area kulit yang bermasalah sebanyak 2–3 kali sehari atau sesuai petunjuk pada kemasan.
Keamanan pada ibu hamil dan menyusui belum diketahui secara pasti, sehingga sebaiknya konsultasi ke dokter terlebih dahulu sebelum menggunakan Virugon sebagai obat herpes.
Acyclovir Kimia Farma
Harga: mulai dari Rp16.000 per tube
Beli Acyclovir 5% Krim 5 gr Kimia Farma di Aloshop
Beli di Aloshop
Salep herpes di apotik berikutnya adalah Acyclovir 5% generik Kimia Farma. Salep ini mengandung acyclovir 5% yang ampuh menghambat perkembangbiakan virus herpes, mempercepat pengeringan luka, dan mengurangi nyeri.
Salep Herpes dari Kimia Farma ini tidak dapat dibeli tanpa resep dokter karena termasuk golongan obat keras. Salep ini bisa dioleskan secara tipis ke area kulit yang terinfeksi sebanyak 5 kali sehari selama 5–10 hari atau sesuai anjuran dokter. 
Saat penggunaan salep ini, pastikan hindari area dekat mata ya agar tidak menimbulkan masalah kesehatan lain. Efek samping yang mungkin muncul saat pemakaian salep ini, yaitu rasa panas, perih, atau kering pada area luka herpes.
Itulah berbagai pilihan salep herpes di apotik. Selain menggunakan salep, Anda juga disarankan untuk rutin membersihkan area luka dengan air, mengompres luka dengan es batu yang dibalut handuk maupun kain, serta hindari berbagi barang pribadi guna mencegah penyebaran virus herpes ke orang lain.
Jika setelah 7 hari menggunakan salep herpes di apotik dan melakukan perawatan mandiri di atas, tetapi herpes tidak juga membaik, makin memburuk, dan meluas,  segera chat dokter untuk mendapatkan pengobatan lebih lanjut."
"Ikan Sebelah, Ini Kandungan Gizi dan Manfaatnya untuk Kesehatan",KESEHATAN,https://www.alodokter.com/ikan-sebelah-ini-kandungan-gizi-dan-manfaatnya-untuk-kesehatan,Terakhir diperbarui: 11 September 2025,"Ikan sebelah dikenal sebagai salah satu pilihan ikan laut yang kaya protein, rendah lemak, dan...","Ikan sebelah dikenal sebagai salah satu pilihan ikan laut yang kaya protein, rendah lemak, dan mudah diolah. Selain rasanya yang gurih dan teksturnya yang lembut, ikan ini juga menawarkan beragam manfaat gizi yang baik untuk kesehatan keluarga.
Ikan sebelah merupakan jenis ikan laut berbentuk pipih yang banyak ditemukan di perairan dangkal Indonesia, terutama daerah pesisir. Selain harganya yang terjangkau, ikan ini sering menjadi favorit dalam berbagai olahan tradisional maupun modern karena kandungan nutrisinya yang lengkap. 
Kandungan Gizi Ikan Sebelah
Ikan sebelah mengandung sejumlah beragam nutrisi penting, seperti berikut ini:
Protein
Asam lemak omega-3
Vitamin D
Vitamin B12
Selenium
Yodium
Manfaat Ikan Sebelah untuk Kesehatan
Dengan kandungan gizi atau nutrisi seperti di atas, konsumsi ikan sebelah dapat memberikan beragam manfaat kesehatan, seperti:
1. Membangun dan memperbaiki jaringan tubuh
Protein dalam ikan sebelah bermanfaat untuk membangun dan memperbaiki sel serta jaringan tubuh. Kandungan proteinnya yang tinggi dan rendah lemak membuat ikan ini cocok sebagai pilihan menu sehat untuk mendukung pertumbuhan anak, mempercepat pemulihan setelah sakit, serta menjaga energi orang dewasa yang aktif.
2. Menjaga kesehatan jantung
Asam lemak omega-3 pada ikan sebelah membantu menurunkan kadar kolesterol jahat (LDL) dan meningkatkan kolesterol baik (HDL) dalam darah. Rutin mengonsumsi ikan ini dapat membantu menjaga tekanan darah tetap stabil dan mengurangi risiko terjadinya penyakit jantung koroner maupun stroke, terutama bagi Anda yang memiliki riwayat penyakit jantung dalam keluarga.
3. Mendukung perkembangan otak dan saraf
Nutrisi vitamin B12 dan omega-3 pada ikan sebelah sangat penting untuk perkembangan sistem saraf dan otak, khususnya pada anak-anak, ibu hamil, dan lansia. Mengonsumsi ikan sebelah secara rutin diketahui dapat membantu meningkatkan konsentrasi, daya ingat, serta menjaga fungsi otak tetap optimal hingga usia lanjut.
4. Menjaga kesehatan tulang dan gigi
Ikan sebelah mengandung vitamin D dan mineral seperti selenium yang mendukung penyerapan kalsium di dalam tubuh. Nutrisi ini penting untuk pertumbuhan dan pemeliharaan tulang serta gigi yang kuat, sekaligus membantu mencegah risiko osteoporosis dan masalah tulang lainnya pada usia lanjut.
5. Memperkuat daya tahan tubuh dan fungsi tiroid
Selenium dan yodium berperan penting dalam menjaga fungsi kelenjar tiroid yang mengatur metabolisme tubuh. Selain itu, kedua mineral ini juga membantu sistem imun agar tubuh lebih tahan terhadap infeksi dan penyakit. Konsumsi ikan sebelah secara rutin bisa menjadi langkah sederhana untuk menjaga kesehatan keluarga.
Agar manfaat ikan sebelah bisa didapatkan secara maksimal, pastikan Anda memilih ikan yang segar, menyimpannya di suhu dingin, serta mengolahnya dengan cara dipanggang, dikukus, atau direbus. 
Hindari konsumsi ikan yang masih mentah atau kurang matang untuk mengurangi risiko infeksi atau paparan logam berat. Selain itu, cobalah untuk memvariasikan jenis ikan agar asupan nutrisi keluarga tetap beragam dan seimbang.
Dengan memperhatikan cara memilih, mengolah, dan mengonsumsi ikan sebelah yang tepat, Anda dapat menghadirkan lauk sehat dan lezat untuk keluarga. Jika Anda memiliki kondisi medis khusus atau masih ragu soal konsumsi ikan laut, jangan ragu untuk berkonsultasi dengan dokter melalui fitur Chat Bersama Dokter di aplikasi Alodokter."
"TDS, Indikator Penting dalam Air Minum yang Sehat",KESEHATAN,https://www.alodokter.com/tds-indikator-penting-dalam-air-minum-yang-sehat,Terakhir diperbarui: 11 September 2025,"TDS adalah singkatan dari total dissolved solids, yaitu jumlah seluruh mineral, garam, logam, dan zat...","TDS adalah singkatan dari total dissolved solids, yaitu jumlah seluruh mineral, garam, logam, dan zat organik yang terlarut dalam air. TDS menjadi salah satu indikator utama kualitas air minum, karena kadar yang terlalu tinggi atau rendah dapat memengaruhi rasa, keamanan, dan bahkan menimbulkan risiko kesehatan bagi tubuh.
TDS biasanya diukur dengan satuan miligram per liter (mg/L) atau parts per million (ppm). Secara alami, air tanah maupun air permukaan mengandung mineral terlarut, seperti kalsium, magnesium, natrium, dan kalium. Namun, kadar TDS juga dapat meningkat jika air terpapar limbah industri, pupuk, atau bahan kimia lain.
Untuk mengukur TDS, Anda bisa menggunakan alat pengukur khusus yang disebut TDS meter. Alat ini mudah ditemukan di toko peralatan rumah tangga atau e-commerce, dan penggunaannya pun praktis sehingga siapapun dapat melakukan pengecekan kualitas air di rumah.
Kandungan TDS pada Air
TDS dalam air terdiri dari berbagai komponen, antara lain:
Mineral alami, seperti kalsium, magnesium, natrium, kalium, dan bikarbonat. Mineral ini penting untuk tubuh, tetapi jika kadarnya berlebihan bisa berdampak buruk.
Garam dan senyawa anorganik lain, misalnya klorida, sulfat, dan nitrat, yang dapat memengaruhi rasa air.
Logam berat, seperti timbal, arsenik, atau merkuri, yang sangat berbahaya jika terlarut dalam jumlah tinggi.
Sisa bahan organik, bisa berasal dari tanah, daun, atau limbah rumah tangga.
Sisa bahan kimia, termasuk pestisida, pupuk, atau limbah industri, yang dapat meningkatkan kadar TDS secara signifikan.
Dampak TDS Tinggi dan Rendah pada Kesehatan
Menurut peraturan di Indonesia, kadar TDS yang dianjurkan untuk air minum adalah kurang dari 300 mg/L. Jika melebihi batas ini, air bisa menimbulkan risiko kesehatan jika dikonsumsi secara rutin. 
Berikut adalah penjelasan tentang dampak tinggi dan rendahnya kadar TDS pada kesehatan:
1. TDS di atas 1.000 mg/L (sangat berbahaya bagi kesehatan)
Air dengan kadar TDS sangat tinggi ini terasa sangat pahit, asin, atau bahkan agak berbau. Konsumsi air dengan TDS lebih dari 1.000 mg/L dapat menyebabkan tubuh menyerap mineral berlebih, seperti natrium atau kalsium, hingga membebani ginjal secara ekstrem. Risiko terkena batu ginjal, tekanan darah tinggi, kerusakan ginjal, serta gangguan pencernaan menjadi sangat tinggi. 
Kategori ini sangat tidak direkomendasikan untuk diminum, dan sangat berbahaya, terutama bagi anak-anak, lansia, dan penderita penyakit ginjal.
2. TDS 500–1.000 mg/L (tinggi dan tidak direkomendasikan)
Air pada rentang TDS ini umumnya terasa pahit, asin, atau kurang enak di lidah. Jika dikonsumsi terus-menerus, tubuh bisa menyerap mineral tertentu dalam jumlah berlebihan, seperti natrium dan kalsium. 
Hal ini memicu kerja ginjal menjadi lebih berat, meningkatkan risiko batu ginjal, tekanan darah tinggi, atau masalah pencernaan. Anak-anak, lansia, dan orang dengan riwayat masalah ginjal sebaiknya benar-benar menghindari air dengan TDS setinggi ini.
3. TDS 300–500 mg/L (masih dalam batas aman, namun kandungan mineral mulai meningkat)
Kadar TDS di rentang ini sebenarnya masih memenuhi standar WHO, tetapi kandungan mineralnya mulai lebih tinggi. Rasa air bisa berubah menjadi sedikit payau atau cenderung keras, tergantung komposisinya. 
Konsumsi rutin air dengan TDS mendekati 500 mg/L pada sebagian orang dapat memperberat kerja ginjal atau memicu gangguan pencernaan ringan, meski secara umum masih aman untuk kebanyakan orang.
4. TDS di bawah 300 mg/L (ideal dan aman dikonsumsi sehari-hari)
Air dalam kategori ini umumnya terasa segar dan enak, serta sangat aman untuk diminum oleh seluruh anggota keluarga. Kandungan mineral seperti kalsium dan magnesium tetap mencukupi kebutuhan tubuh, sehingga mendukung kesehatan tulang, otot, dan fungsi organ dalam. Ini adalah rentang TDS yang paling direkomendasikan di Indonesia.
5. TDS kurang dari 50 mg/L (bisa mengakibatkan gangguan elektrolit)
Air yang kadar TDS-nya terlalu rendah akan terasa hambar karena hampir tidak mengandung mineral yang diperlukan tubuh. Jika dikonsumsi terus-menerus, bisa menyebabkan kekurangan elektrolit, memicu lemas, kram otot, atau gangguan keseimbangan cairan tubuh, terutama pada anak-anak dan orang tua.
Cara Mengecek dan Mengontrol Kadar TDS 
Untuk menjaga kualitas air minum di rumah, berikut beberapa langkah yang bisa Anda lakukan:
Gunakan TDS meter untuk mengukur kadar TDS pada sumber air minum, baik air sumur, air galon, maupun air PDAM.
Amati hasil pengukuran, rentang TDS yang ideal adalah lebih dari 50 mg/L dan kurang 300 mg/L.
Jika kadar TDS melebihi standar atau sangat rendah, pertimbangkan untuk menggunakan filter air atau purifier yang dapat menyaring mineral berlebihan maupun logam berat.
Pilih filter air yang sudah teruji secara mutu dan sesuai kebutuhan, terutama jika tinggal di wilayah dengan potensi kontaminasi.
Rutin lakukan pengecekan setidaknya satu bulan sekali agar kualitas air selalu terpantau.
Jika ragu dengan sumber air, utamakan konsumsi air kemasan berlabel SNI dan hindari air dari sumber yang tidak jelas atau berpotensi tercemar.
Waspadai bahaya tersembunyi jika TDS tinggi dipicu oleh logam berat, seperti timbal, arsenik, atau merkuri. Paparan logam berat lewat air minum dapat menyebabkan keracunan jangka panjang. 
Gejalanya bisa berupa mudah lelah, nyeri otot, hingga gangguan fungsi organ, seperti ginjal dan hati. Pada anak, logam berat bahkan bisa mengganggu tumbuh kembang, kecerdasan, dan sistem imun.
Jika Anda ingin bertanya lebih lanjut mengenai TDS, efeknya pada kesehatan, atau butuh saran memilih filter air yang tepat, jangan ragu untuk berkonsultasi dengan dokter melalui fitur Chat Bersama Dokter di aplikasi Alodokter."
7 Ciri-Ciri Stroke pada Usia Muda yang Perlu Diwaspadai,KESEHATAN,https://www.alodokter.com/7-ciri-ciri-stroke-pada-usia-muda-yang-perlu-diwaspadai,Terakhir diperbarui: 11 September 2025,Ciri-ciri stroke pada usia muda bisa muncul secara tiba-tiba dan sering kali tidak dikenali sejak...,"Ciri-ciri stroke pada usia muda bisa muncul secara tiba-tiba dan sering kali tidak dikenali sejak awal. Mendeteksi gejala sejak dini sangat penting agar penanganan bisa dilakukan lebih cepat dan risiko komplikasi berkurang.
Stroke terjadi ketika aliran darah ke otak terganggu, baik akibat penyumbatan (stroke infark) maupun pecahnya pembuluh darah otak. Kondisi ini membuat sel-sel otak kekurangan oksigen dan mulai rusak hanya dalam waktu singkat.
Meski dikenal sebagai penyakit usia lanjut, stroke juga dapat menyerang orang yang masih muda, terutama jika memiliki faktor risiko tertentu. Ciri-ciri stroke pada usia muda seringkali sulit dikenali karena gejalanya bisa muncul tiba-tiba dan mirip keluhan sehari-hari, seperti lemas atau kesemutan.
Ciri-Ciri Stroke pada Usia Muda yang Sering Terjadi
Gejala stroke pada usia muda seringkali muncul tiba-tiba dan tampak sepele. Mengetahui ciri-ciri stroke pada usia muda sangat penting agar tindakan cepat bisa dilakukan dan risiko komplikasi berkurang.
Berikut beberapa tanda yang paling sering terjadi dan harus diwaspadai:
1. Mendadak sulit berbicara atau bicara pelo
Penderita mungkin tiba-tiba sulit mengucapkan kata-kata dengan jelas, terdengar pelo, atau tidak bisa memahami pembicaraan orang lain. Gejala ini muncul karena gangguan pada area otak yang mengatur bahasa. Jika tidak segera ditangani, kesulitan berbicara bisa semakin parah dan memengaruhi komunikasi sehari-hari.
2. Wajah mencong atau asimetri secara tiba-tiba
Ciri-ciri stroke pada usia muda dapat dilihat dari salah satu sisi wajah tampak turun saat tersenyum atau berbicara. Ciri ini muncul karena otot wajah di sisi tertentu kehilangan kendali akibat stroke. Memeriksa asimetri wajah dengan meminta penderita tersenyum bisa menjadi cara cepat mendeteksi gejala ini.
3. Tiba-tiba mati rasa atau lemah pada satu sisi tubuh
Tangan atau kaki di salah satu sisi tubuh mendadak terasa lemas, sulit digerakkan, kesemutan, atau mati rasa pada wajah. Kondisi ini terjadi karena aliran darah ke bagian otak yang mengontrol sisi tubuh tersebut terganggu.
Gejala mendadak ini termasuk ciri-ciri stroke pada usia muda, karena sering muncul secara tiba-tiba pada orang muda yang sebelumnya sehat dan aktif.
4. Gangguan penglihatan mendadak
Ciri-ciri stroke pada usia muda salah satunya adalah penglihatan bisa kabur, ganda, atau hilang pada satu atau kedua mata secara tiba-tiba. Hal ini terjadi karena stroke memengaruhi area otak yang mengatur penglihatan. 
5. Sakit kepala hebat tiba-tiba tanpa sebab jelas
Sakit kepala mendadak dengan intensitas sangat tinggi termasuk ciri-ciri stroke pada usia muda yang perlu diwaspadai. Gejala ini biasanya muncul jika terjadi pecahnya pembuluh darah di otak, dan kadang disertai mual atau muntah. Penanganan segera sangat penting untuk mencegah kerusakan otak lebih lanjut.
6. Sulit berjalan, kehilangan keseimbangan, atau koordinasi
Pada orang muda, sistem keseimbangan dan koordinasi tubuh umumnya masih baik. Namun, jika tiba-tiba kesulitan mengatur gerakan, mudah terjatuh, atau merasa tubuh tidak stabil, bisa jadi itu merupakan ciri-ciri stroke pada usia muda.
Kondisi ini terjadi akibat gangguan pada bagian otak yang mengatur keseimbangan dan koordinasi tubuh.
7. Penurunan kesadaran
Ciri-ciri stroke pada usia muda salah satunya adalah penurunan kesadaran yang muncul tiba-tiba. Penderita dapat tampak bingung, sulit memahami percakapan, atau tidak merespons lingkungan sekitar. Dalam kasus yang lebih berat, kesadaran bisa menurun drastis hingga menyebabkan pingsan.
Tidak semua keluhan yang mirip stroke berarti benar-benar stroke, tetapi stroke adalah kondisi darurat yang harus segera ditangani. Penanganan terlambat bisa memperparah kerusakan otak dan berdampak serius pada kualitas hidup, bahkan pada usia muda yang biasanya masih sehat dan produktif.
Jika Anda melihat keluarga, teman, atau siapa pun di sekitar Anda mengalami gejala di atas, segeralah bawa ke IGD di rumah sakit terdekat. Semakin cepat mendapat pertolongan, semakin besar kesempatan pulih tanpa komplikasi berat.
Untuk mengetahui lebih lanjut mengenai ciri-ciri stroke pada usia muda atau bila masih ragu dengan gejala yang muncul, Anda juga bisa berkonsultasi langsung dengan dokter melalui fitur Chat Bersama Dokter di aplikasi ALODOKTER."
Ciri-Ciri Kanker Kelenjar Getah Bening Stadium 2 yang Perlu Dikenali,KESEHATAN,https://www.alodokter.com/ciri-ciri-kanker-kelenjar-getah-bening-stadium-2-yang-perlu-dikenali,Terakhir diperbarui: 11 September 2025,Ciri-ciri kanker kelenjar getah bening stadium 2 sering muncul secara bertahap dan tidak selalu disadari...,"Ciri-ciri kanker kelenjar getah bening stadium 2 sering muncul secara bertahap dan tidak selalu disadari sejak awal. Gejala yang timbul dapat berdampak pada aktivitas sehari-hari, sehingga penting untuk mengenali tanda-tandanya agar penanganan bisa diberikan lebih cepat.
Kanker kelenjar getah bening atau limfoma adalah jenis kanker yang berkembang di sistem limfatik. Pada stadium 2, kanker biasanya sudah menyebar ke dua area kelenjar getah bening pada satu sisi diafragma tubuh. Namun, pada tahap ini kanker umumnya belum menyerang organ lain di luar sistem limfatik.
Mengenali ciri-ciri kanker kelenjar getah bening stadium 2 penting untuk membantu deteksi lebih dini sehingga langkah penanganan bisa segera dilakukan.
Ini Ciri-Ciri Kanker Kelenjar Getah Bening Stadium 2 
Gejala kanker kelenjar getah bening stadium 2 dapat berbeda-beda pada setiap orang, tergantung lokasi, seberapa cepat penyebaran sel kanker, dan apakah terjadi komplikasi, seperti infeksi atau penekanan pada organ sekitarnya. Beberapa gejala bisa muncul ringan, sementara pada orang lain bisa terasa lebih berat.
Berikut beberapa gejala kanker kelenjar getah bening stadium 2yang perlu diperhatikan:
1. Benjolan di area kelenjar getah bening
Benjolan biasanya tidak nyeri dan terasa kenyal hingga keras, dan bisa muncul di leher, ketiak, atau selangkangan. Benjolan ini tidak mengecil meski tubuh sedang tidak sakit, dan cenderung membesar seiring waktu. Munculnya benjolan adalah salah satu ciri-ciri kanker kelenjar getah bening stadium 2 yang paling umum.
2. Berkeringat di malam hari
Keringat berlebih bisa muncul saat tidur, meski ruangan tidak panas dan tubuh tidak beraktivitas berat. Kondisi ini sering membuat pakaian dan seprai basah, serta kualitas tidur terganggu. Gejala ini bisa menjadi tanda awal kanker kelenjar getah bening stadium 2, meskipun tidak semua orang mengalaminya.
3. Demam tanpa sebab jelas
Demam bisa menjadi salah satu ciri-ciri kanker kelenjar getah bening stadium 2. Kondisi ini bisa muncul ringan atau tinggi, datang dan pergi, serta tidak membaik dengan obat penurun panas biasa.
4. Penurunan berat badan tanpa penyebab yang jelas
Salah satu ciri-ciri kanker kelenjar getah bening stadium 2 adalah penurunan berat badan drastis, lebih dari 10% dalam waktu 6 bulan, meski pola makan tetap normal. Penurunan ini menunjukkan tubuh kehilangan energi akibat perkembangan sel kanker. Kondisi ini perlu diperhatikan lebih serius.
5. Mudah lelah dan lemah
Cepat merasa lelah meski sudah cukup istirahat merupakan salah satu ciri-ciri kanker kelenjar getah bening stadium 2 yang perlu diperhatikan. Bahkan stamina tubuh juga menurun meski tidak melakukan aktivitas berat. Kondisi ini bisa mengganggu rutinitas sehari-hari dan kualitas hidup.
6. Gatal-gatal pada kulit
Munculnya gatal tanpa sebab bisa menjadi salah satu tanda awal kanker kelenjar getah bening stadium 2. Gatal biasanya muncul tanpa ruam, alergi, atau penyebab jelas, dan biasanya lebih parah di malam hari. Kondisi ini tidak membaik meski diberi obat antihistamin. 
7. Nafsu makan menurun
Penurunan nafsu makan termasuk salah satu ciri-ciri kanker kelenjar getah bening stadium 2 yang perlu dicermati. Nafsu makan bisa berkurang secara perlahan maupun mendadak, sehingga penurunan berat badan bisa semakin cepat. Kekurangan nutrisi akibat kondisi ini dapat membuat tubuh menjadi semakin lemah.
8. Batuk dan sesak napas
Jika kelenjar getah bening membesar di area dada, bisa muncul batuk kronis, napas terasa berat, atau nyeri dada. Gejala ini biasanya muncul tergantung lokasi kelenjar yang terdampak. Batuk dan sesak napas juga termasuk ciri-ciri kanker kelenjar getah bening stadium 2 yang dapat muncul pada beberapa pasien.
Ciri-ciri kanker kelenjar getah bening stadium 2 memang kerap tidak disadari pada awalnya. Namun, semakin dini gejala dikenali, semakin besar peluang untuk mendapatkan penanganan maksimal.
Mengenali ciri-ciri kanker kelenjar getah bening stadium 2 sejak awal sangat penting agar gejala yang muncul tidak diabaikan. Jika Anda mengalami tanda-tanda tersebut, jangan ragu untuk segera memeriksakan diri ke dokter guna mendapatkan diagnosis dan penanganan yang tepat.
Untuk langkah awal yang cepat dan mudah, Anda juga bisa berkonsultasi dengan dokter melalui Chat Bersama Dokter di aplikasi ALODOKTER. Dokter akan membantu menilai apakah gejala yang Anda alami kemungkinan mengarah ke kanker kelenjar getah bening stadium 2, serta memberikan saran langkah pemeriksaan dan penanganan selanjutnya."
"Cara Mengetahui Usus Buntu Dengan Mengangkat Kaki, Ini Fakta Medisnya",KESEHATAN,https://www.alodokter.com/cara-mengetahui-usus-buntu-dengan-mengangkat-kaki-ini-fakta-medisnya,Terakhir diperbarui: 11 September 2025,Cara mengetahui usus buntu dengan mengangkat kaki sering dianggap sebagai cara sederhana untuk membedakan nyeri...,"Cara mengetahui usus buntu dengan mengangkat kaki sering dianggap sebagai cara sederhana untuk membedakan nyeri perut biasa dengan gejala usus buntu. Meski begitu, penting memahami efektivitas dan keterbatasannya agar Anda tidak salah mengambil keputusan terkait kesehatan.
Seiring banyaknya tips kesehatan beredar di media sosial, cara mengetahui usus buntu dengan mengangkat kaki jadi salah satu metode yang sering dicari masyarakat. Cara ini dikenal dalam dunia medis sebagai psoas sign. 
Meski tampak mudah, diagnosis usus buntu tidak cukup hanya dengan satu tes ini saja. Gejala usus buntu juga bisa mirip dengan gangguan lain, seperti maag, infeksi saluran kemih, atau masalah menstruasi. 
Nah, sebelum Anda memutuskan langkah, mari pahami lebih dalam tentang keefektifan dan keterbatasan cara mengetahui usus buntu dengan mengangkat kaki.
Fakta Cara Mengetahui Usus Buntu dengan Mengangkat Kaki
Berikut adalah beberapa fakta medis terkait cara mengetahui usus buntu dengan mengangkat kaki:
1. Pemeriksaan psoas sign
Tes ini dilakukan dengan cara berbaring dan mengangkat kaki kanan lurus ke atas. Jika Anda merasakan nyeri hebat di perut kanan bawah saat melakukan gerakan ini, bisa jadi ada tanda iritasi atau peradangan di otot psoas akibat usus buntu. Namun, hasil tes ini tidak bisa dijadikan satu-satunya bukti. 
Banyak faktor lain yang bisa memicu nyeri saat angkat kaki, seperti ketegangan otot, cedera sebelumnya, atau bahkan masalah di tulang belakang. Jadi, anggaplah tes ini sebagai sinyal awal, bukan penentu utama.
2. Keterbatasan tes angkat kaki
Tidak semua penderita usus buntu akan mengalami nyeri saat tes angkat kaki. Sebaliknya, meski Anda merasa nyeri, belum tentu itu artinya usus buntu. Kondisi seperti infeksi saluran kemih, radang panggul, bahkan saraf terjepit pun bisa menimbulkan keluhan serupa. 
Andai Anda hanya mengandalkan hasil tes ini, risiko salah diagnosis jadi lebih besar dan Anda bisa melewatkan penanganan dokter yang seharusnya segera dilakukan.
3. Risiko menunda penanganan
Mengandalkan cara mengetahui usus buntu dengan mengangkat kaki saja bisa membuat Anda menunda pergi ke dokter. Padahal, jika benar usus buntu tidak segera ditangani, risikonya sangat berbahaya. Usus buntu yang pecah bisa menyebabkan peritonitis, infeksi berat di rongga perut, yang mengancam jiwa dan memerlukan operasi darurat.
4. Gejala lain yang tak boleh diabaikan
Usus buntu umumnya ditandai oleh nyeri perut kanan bawah, tapi sering kali juga disertai gejala lain, seperti demam, mual, muntah, hilang nafsu makan, atau perut kembung. Jika Anda mengalami campuran keluhan ini, jangan hanya mengandalkan tes angkat kaki. Semakin cepat gejala dikenali secara menyeluruh, semakin kecil risiko komplikasi.
Metode Diagnosis Usus Buntu yang Dianjurkan
Daripada hanya mengandalkan metode psoas sign dalam diagnosis usus buntu, Anda disarankan untuk melakukan beberapa hal berikut:
Segera periksakan diri ke dokter jika mengalami nyeri perut kanan bawah yang mencurigakan.
Biarkan dokter melakukan pemeriksaan fisik dengan menekan beberapa titik di perut untuk memastikan sumber nyeri dan membedakan dari penyakit lain.
Ikuti anjuran dokter untuk menjalani pemeriksaan tambahan, seperti USG, CT scan, atau tes darah, jika memang dibutuhkan untuk memastikan diagnosis.
Dengarkan penjelasan dokter mengenai hasil pemeriksaan dan diagnosis Anda.
Tanyakan kepada dokter penanganan terbaik sesuai kondisi Anda, apakah perlu rawat inap, operasi, atau cukup istirahat serta minum obat di rumah.
Jangan ragu bertanya apa pun yang belum dipahami agar Anda yakin dengan langkah yang harus diambil.
Kesimpulannya, cara mengetahui usus buntu dengan mengangkat kaki memang sering disebut sebagai cara praktis, tetapi tidak cukup akurat bila dijadikan satu-satunya patokan. 
Jika Anda mengalami keluhan, seperti nyeri hebat, demam tinggi, muntah terus-menerus, atau gejala lain yang semakin parah, segera periksakan ke dokter atau manfaatkan fitur Chat Bersama Dokter di aplikasi ALODOKTER. 
Diagnosis yang tepat sangat penting agar Anda mendapatkan pengobatan terbaik dan terhindar dari risiko komplikasi serius."
7 Efek Samping Amlodipine yang Perlu Diketahui,KESEHATAN,https://www.alodokter.com/7-efek-samping-amlodipine-yang-perlu-diketahui,Terakhir diperbarui: 11 September 2025,Efek samping amlodipine tetap bisa dirasakan meskipun obat ini dikenal cukup aman untuk mengontrol tekanan...,"Efek samping amlodipine tetap bisa dirasakan meskipun obat ini dikenal cukup aman untuk mengontrol tekanan darah tinggi. Mengetahui efek sampingnya sangat penting agar Anda dapat lebih waspada saat menjalani terapi dengan menggunakan obat ini.
Penggunaan amlodipine sebagai obat tekanan darah tinggi memberikan manfaat besar, terutama dalam mencegah komplikasi pada jantung dan pembuluh darah. Namun, seperti obat lain, efek samping amlodipine tetap bisa muncul, baik yang ringan maupun serius.
Dengan memahami efek samping amlodipine, Anda dapat lebih waspada dan segera mengambil tindakan apabila mengalami keluhan tertentu setelah mengonsumsi obat ini.
Efek Samping Amlodipine yang Sering Terjadi
Efek samping amlodipine umumnya ringan dan mudah dikenali sejak awal penggunaan. Setiap orang bisa mengalami keluhan yang berbeda, tergantung respon tubuh masing-masing terhadap obat ini.
Berikut ini adalah beberapa efek samping yang sering terjadi:
1. Sakit kepala
Efek samping amlodipine yang paling sering terjadi adalah sakit kepala. Kondisi ini kerap muncul di awal penggunaan amlodipine. Hal ini bisa terjadi karena reaksi tubuh yang menyesuaikan kadar obat di dalam darah. Biasanya, keluhan ini dapat berkurang setelah beberapa hari pemakaian rutin.
Sakit kepala memang lebih sering dialami oleh pengguna yang baru mulai terapi, tetapi bisa juga terjadi secara tiba-tiba setelah dosis dinaikkan. 
2. Pusing
Efek samping amlodipine lainnya adalah munculnya sensasi pusing, terutama saat melakukan gerakan berdiri dari posisi duduk atau tidur. Keluhan yang muncul dapat berupa sensasi melayang atau kepala terasa ringan. Gejala ini umumnya berkaitan dengan perubahan tekanan darah yang terjadi di dalam tubuh selama pengobatan.
Untuk mencegah pusing, berdirilah secara perlahan dan hindari perubahan posisi mendadak. 
3. Pembengkakan di tungkai atau kaki (edema)
Pembengkakan pada pergelangan kaki atau telapak kaki juga bisa menjadi efek samping amlodipine. Keluhan ini biasanya terasa ringan dan hanya terjadi pada salah satu kaki.
Efek samping yang satu ini lebih sering terjadi setelah penggunaan jangka panjang, terutama pada orang yang sudah memiliki masalah pembuluh darah.
4. Wajah terasa hangat atau kemerahan (flushing)
Flushing akibat efek samping amlodipine biasanya ditandai dengan rasa panas dan kemerahan pada wajah, leher, atau dada yang muncul sesaat setelah minum obat. Efek ini umum terjadi sebagai respons pembuluh darah yang melebar.
Warna kemerahan pada kulit umumnya tampak jelas setelah minum obat, terutama di area wajah yang lebih sensitif. Flushing umumnya tidak membahayakan dan akan hilang dengan sendirinya. 
5. Jantung berdebar
Efek samping amlodipine lainnya adalah jantung berdebar. Keluhan ini ditandai dengan detak jantung yang cepat atau tidak teratur. Keluhan ini biasanya dialami pada awal pengobatan atau setelah terjadi perubahan dosis amlodipine.
6. Kelelahan 
Kelelahan atau sensasi lemas juga bisa menjadi efek samping amlodipine. Hal ini bisa terjadi karena adanya penurunan tekanan darah, sehingga tubuh butuh waktu untuk beradaptasi. Efek samping ini biasanya berlangsung singkat dan mereda saat tubuh terbiasa dengan obat yang diminum secara rutin.
Oleh karena itu, penting bagi Anda untuk mengonsumsi makanan bergizi dan hindari aktivitas berat sampai kondisi membaik. 
7. Gangguan pencernaan
Gangguan pencernaan, seperti, mual, sakit perut, kembung, atau sembelit juga bisa muncul sebagai efek samping amlodipine. Perubahan ini biasanya tidak berbahaya dan akan reda dengan sendirinya dalam beberapa hari. Selain itu, perubahan nafsu makan juga bisa terjadi. Meski begitu, hal ini biasanya tidak sampai mengganggu aktivitas sehari-hari.
Sebagian besar efek samping di atas tidak berbahaya dan bisa membaik dengan sendirinya. Namun, Anda tetap perlu waspada jika muncul gejala yang berbahaya, seperti nyeri dada berat, detak jantung sangat cepat atau tidak teratur, pusing hebat, ruam parah, bengkak di wajah atau leher, sesak napas, serta kulit dan mata menguning.
Jika mengalami salah satu gejala tersebut, jangan tunda untuk segera mencari pertolongan medis di IGD rumah sakit terdekat. Efek samping ini memang jarang terjadi, tetapi tetap perlu diketahui agar penanganan bisa dilakukan dengan cepat, sehingga tidak berakibat serius pada kesehatan Anda.
Jangan menghentikan penggunaan obat secara tiba-tiba tanpa saran atau petunjuk dokter. Hal ini penting karena tekanan darah bisa naik kembali dan meningkatkan risiko komplikasi.
Perlu diketahui, amlodipine dapat berinteraksi dengan beberapa jenis obat lain. Oleh karena itu, selalu informasikan kepada dokter tentang semua obat, suplemen, atau produk herbal yang sedang Anda konsumsi. 
Jika Anda membutuhkan penjelasan lebih lanjut atau merasa khawatir dengan efek samping amlodipine, manfaatkan fitur Chat Bersama Dokter di aplikasi ALODOKTER untuk mendapat penjelasan dan saran medis yang lebih sesuai dengan kondisi Anda."
7 Obat Mata Perih dan Berair yang Ampuh Redakan Keluhan,KESEHATAN,https://www.alodokter.com/obat-mata-perih-dan-berair-yang-ampuh-redakan-keluhan,Terakhir diperbarui: 11 September 2025,Obat mata perih dan berair dapat membantu meredakan rasa terbakar serta keluarnya air mata berlebihan...,"Obat mata perih dan berair dapat membantu meredakan rasa terbakar serta keluarnya air mata berlebihan akibat iritasi, polusi, atau terlalu lama menatap layar. Dengan pemakaian yang sesuai, obat ini juga menjaga kelembapan dan kesehatan mata sehari-hari.
Obat mata perih dan berair umumnya bekerja dengan cara melembapkan permukaan mata, meredakan iritasi, dan membantu mengurangi produksi air mata berlebih. Beberapa produk juga mengandung bahan antibakteri untuk mengatasi infeksi ringan yang dapat menyebabkan keluhan serupa.
Namun, penting untuk selalu membaca petunjuk penggunaan dan memperhatikan kondisi kesehatan mata sebelum memilih produk. Jika gejala tetap berlanjut meski sudah menggunakan obat mata perih dan berair, sebaiknya segera konsultasikan ke dokter untuk mendapatkan penanganan yang tepat.
Beberapa Obat Mata Perih dan Berair yang Tersedia di Apotek
Obat mata perih dan berair umumnya tersedia dalam bentuk tetes mata cair yang mudah digunakan dan langsung bekerja pada permukaan mata. Berikut ini adalah beberapa produk tetes mata yang efektif untuk membantu mengatasi keluhan mata perih dan berair:
Insto Regular Tetes Mata 7,5 ml
Harga: mulai dari Rp19.000 per botol
Beli Insto Regular Tetes Mata 7,5 ml di Aloshop
Beli di Aloshop
Insto Regular Tetes Mata mengandung tetrahydrozoline hydrochloride, benzalkonium klorida, dan larutan isotonik, yang berfungsi membantu membersihkan sekaligus menyegarkan mata. Obat ini efektif meredakan rasa perih dan berair akibat iritasi ringan, misalnya karena debu, asap, atau terlalu lama menatap layar gadget.
Produk ini tersedia dalam bentuk obat tetes mata yang bisa dibeli dengan atau tanpa resep dokter. Agar keluhan cepat mereda, gunakan 2–3 tetes pada tiap mata, sebanyak 3 atau 4 kali sehari atau sesuai anjuran dokter.
Cendo Cenfresh Tetes Mata 5 ml
Harga: mulai dari Rp54.000 per botol
Beli Cendo Cenfresh Tetes Mata 5 ml di Aloshop
Beli di Aloshop
Cendo Cenfresh mengandung carboxymethyl cellulose sodium yang berfungsi sebagai pelumas atau air mata buatan. Obat tetes ini dapat membantu mengurangi iritasi, rasa perih, dan mata berair akibat kondisi mata kering, termasuk yang disebabkan oleh penggunaan gadget terlalu lama.
Produk ini tersedia dalam bentuk tetes mata bebas resep dengan isi 5 ml. Untuk meredakan keluhan, gunakan sebanyak 1–2 tetes pada setiap mata yang sakit, lakukan hingga 3–4 kali sehari atau sesuaikan dengan anjuran dokter. Hindari penggunaan jika Anda memiliki alergi terhadap kandungan obat tertentu.
Aito Tetes Mata 11 ml
Harga: mulai dari Rp24.000 per botol
Beli Aito Tetes Mata 11 ml di Aloshop
Beli di Aloshop
Aito Tetes Mata 11 ml mengandung tetrahydrozoline HCl dan benzalkonium klorida yang bermanfaat untuk membantu mengurangi iritasi ringan, membersihkan, serta menenangkan mata akibat paparan debu atau asap.
Aito Tetes Mata tersedia dalam bentuk obat tetes yang bisa dibeli dengan atau tanpa resep dokter. Agar keluhan cepat membaik, gunakan 1–2 tetes pada mata yang mengalami keluhan, lakukan sebanyak 2–3 kali sehari atau ikuti anjuran dokter. Hindari penggunaan jika mata sedang mengalami infeksi berat.
Akilen Tetes Mata 5 ml
Harga: mulai dari Rp70.000 per botol
Beli Akilen Tetes Mata 5 ml di Aloshop
Beli di Aloshop
Akilen Tetes Mata mengandung ofloxacin, yaitu zat antibiotik yang bekerja dengan cara menghambat pembentukan DNA bakteri yang dibutuhkan untuk bertahan hidup sehingga bakteri berhenti tumbuh dan mati.
Dengan begitu, gejala mata perih dan berair akibat infeksi bakteri dapat teratasi. Akilen Tetes Mata dapat digunakan sebanyak 1–2 tetes setiap 2–4 jam atau ikuti anjuran dokter, lalu tutup mata Anda selama 2–3 menit. 
Obat ini termasuk golongan keras yang memerlukan resep dokter sebelum membelinya.
Rohto Tetes Mata 7 ml
Harga: mulai dari Rp17.000 per botol
Beli Rohto Tetes Mata 7 ml di Aloshop
Beli di Aloshop
Rohto Tetes Mata mengandung tetrahydrozoline dan benzalkonium klorida yang dapat membersihkan serta menyegarkan mata, meredakan perih, merah, dan berair akibat iritasi ringan atau kelelahan.
Obat ini tersedia dalam bentuk tetes mata tanpa resep. Untuk meredakan keluhan, gunakan sebanyak 1–2 tetes pada setiap mata, lakukan hingga 3–4 kali sehari. Hindari penggunaan pada anak di bawah 3 tahun tanpa anjuran dokter. Jangan digunakan lebih dari 4 kali sehari.
Meski begitu, obat ini dapat menimbulkan keluhan ringan yang bersifat sementara saat pemakaian pada sebagian orang, mulai dari sensasi dingin, perih, atau pedas. Untuk ibu hamil dan menyusui, konsultasikan dulu dengan dokter sebelum menggunakan obat ini.
Cendo Tobro Tetes Mata 5 ml
Harga: mulai dari Rp34.000 per botol
Beli Cendo Tobro Tetes Mata 5 ml di Aloshop
Beli di Aloshop
Cendo Tobro mengandung tobramycin, yaitu antibiotik yang digunakan untuk mengatasi infeksi bakteri ringan pada mata. Infeksi ini biasanya menimbulkan keluhan berupa rasa perih, mata merah, dan berair.
Obat ini dapat digunakan sebanyak 1–2 tetes, setiap 4–6 jam. Tutup mata dan diamkan beberapa saat sambil menekan ujung mata dekat hidung agar obat tidak mengalir keluar. Jangan mengedip atau mengucek mata setelahnya. 
Sebelum membelinya, Anda perlu berkonsultasi ke dokter terlebih dahulu karena obat ini termasuk golongan obat keras sehingga hanya boleh digunakan sesuai resep dokter.
Meski biasanya keluhan mata perih dan berair dapat membaik dengan penggunaan obat mata perih dan berair yang tepat, Anda perlu waspada dan segera berkonsultasi ke dokter bila keluhan tidak membaik selama 3 hari atau disertai gejala lain, seperti muncul reaksi alergi, nyeri, atau penglihatan menjadi kabur.
Konsultasi dapat dilakukan di mana saja dan kapan saja serta cepat dan praktis melalui Chat Bersama Dokter di aplikasi ALODOKTER. Dengan begitu, dokter dapat memastikan penyebabnya dan memberikan pengobatan yang sesuai kondisi Anda."
6 Pilihan Salep Penghilang Bekas Jerawat untuk Tampilan Kulit Sehat,KESEHATAN,https://www.alodokter.com/pilihan-salep-penghilang-bekas-jerawat-untuk-tampilan-kulit-sehat,Terakhir diperbarui: 11 September 2025,Obat salep penghilang bekas jerawat membantu memudarkan noda hitam atau bekas luka akibat jerawat. Bekas...,"Obat salep penghilang bekas jerawat membantu memudarkan noda hitam atau bekas luka akibat jerawat. Bekas jerawat sendiri muncul karena berbagai faktor, termasuk peradangan atau kebiasaan memencet jerawat. Nah, pemilihan salep yang tepat bisa membuat tampilan kulit wajah kembali sehat. 
Memilih salep penghilang bekas jerawat yang tepat sangat penting, karena salah memakai produk bisa membuat bekas jerawat semakin parah atau menimbulkan iritasi. Banyak orang tergoda dengan klaim “ampuh dalam semalam”, padahal tiap jenis kulit memiliki reaksi berbeda terhadap kandungan aktif di dalam salep.
Salep penghilang bekas jerawat umumnya bekerja dengan cara membantu mempercepat regenerasi kulit, mencerahkan flek hitam, serta mengurangi peradangan di area bekas jerawat. 
Beberapa kandungan seperti retinoid, niacinamide, asam salisilat, atau ekstrak herbal juga umum digunakan. Namun, pemakaiannya harus disesuaikan dengan jenis bekas jerawat dan kondisi kulit. Jadi, selalu baca aturan pakai dan hentikan pemakaian bila terjadi iritasi.
Pilihan Salep Penghilang Bekas Jerawat yang Ampuh 
Berikut adalah beberapa salep penghilang bekas jerawat yang dapat ditemukan di apotek:
Dermatix Acne Spot Care
Harga: mulai dari Rp205.810 per tube
Beli Dermatix Acne Spot Care di Aloshop
Beli di Aloshop
Dermatix Acne Spot Care mengandung bahan aktif seperti niacinamide yang membantu mencerahkan noda bekas jerawat serta mengurangi peradangan. Selain itu, formula silicone gel dalam produk ini terkenal efektif untuk memperbaiki tekstur kulit dan menyamarkan bekas luka akibat jerawat. 
Penggunaan rutin salep penghilang bekas jerawat yang satu ini dapat membantu mengurangi kemerahan dan flek hitam secara bertahap.
Produk ini tersedia dalam bentuk gel dan termasuk kategori obat bebas terbatas. Gunakan Dermatix Acne Spot Care sesuai petunjuk pada kemasan atau anjuran tenaga medis. Tidak disarankan untuk digunakan pada luka terbuka dan anak di bawah usia 2 tahun. Hentikan pemakaian jika muncul iritasi.
Dosis yang dianjurkan adalah oleskan tipis-tipis pada area bekas jerawat dua kali sehari. Produk ini tergolong aman untuk ibu hamil dan menyusui, tetapi jika muncul keraguan, disarankan untuk berkonsultasi terlebih dahulu dengan dokter.
Acnes Spot Care
Harga: mulai dari Rp45.360 per tube
Beli Acnes Spot Care di Aloshop
Beli di Aloshop
Acnes Spot Care mengandung asam salisilat dan vitamin E yang berfungsi untuk membantu mengurangi peradangan sekaligus mencerahkan noda bekas jerawat. Salep ini juga dilengkapi dengan ekstrak alami untuk mempercepat proses pemudaran bekas jerawat. Cocok digunakan untuk bekas jerawat ringan hingga sedang.
Acnes Spot Care berbentuk gel dan termasuk obat bebas. Gunakan sesuai petunjuk pada kemasan atau anjuran tenaga medis. Hindari penggunaan pada kulit yang sangat sensitif atau luka yang belum kering. Sebaiknya, tidak digunakan terus-menerus pada kulit yang mengelupas.
Dosis penggunaan umumnya dioleskan secukupnya, sebanyak 2–3 kali sehari pada area bekas jerawat. Aman digunakan untuk remaja, tetapi untuk ibu hamil dan menyusui tetap disarankan berkonsultasi dengan dokter terlebih dahulu.
Acnes Sealing Jell
Harga: mulai dari Rp28.830 per tube
Beli Acnes Sealing Jell di Aloshop
Beli di Aloshop
Acnes Sealing Jell memiliki kandungan utama berupa isopropylmethylphenol dan vitamin E yang membantu melindungi area bekas jerawat dari infeksi bakteri serta mempercepat regenerasi kulit. Tekstur gelnya ringan dan nyaman digunakan setiap hari untuk membantu menyamarkan noda hitam akibat bekas jerawat.
Salep penghilang bekas jerawat ini berbentuk gel dan merupakan obat bebas. Gunakan sesuai petunjuk pada kemasan atau anjuran tenaga medis, terutama pada malam hari sebelum tidur. Hindari penggunaan di area mata dan mulut saat mengoleskan produk.
Dosis penggunaan umumnya dioleskan tipis-tipis pada bekas jerawat hingga dua kali sehari. Acnes Sealing Jell umumnya aman untuk remaja dan dewasa. Pada ibu hamil dan menyusui, sebaiknya konsultasikan dulu dengan dokter.
Verile Acne Blemish Cream
Harga: mulai dari Rp41.370 per tube
Beli Verile Acne Blemish Cream di Aloshop
Beli di Aloshop
Verile Acne Blemish Cream mengandung sulfur, allantoin, dan vitamin B3 (niacinamide), yang membantu memudarkan bekas jerawat sekaligus menjaga kelembapan kulit. Bahan aktif di dalamnya membantu mengatasi peradangan serta mempercepat pemudaran flek hitam pada bekas jerawat.
Produk ini berupa krim dan dapat digunakan sebagai obat bebas. Gunakan sesuai petunjuk pada kemasan atau anjuran tenaga medis. Jangan digunakan pada luka terbuka atau kulit yang mengalami iritasi.
Dosis yang dianjurkan adalah oleskan tipis 2–3 kali sehari pada area bekas jerawat. Produk ini aman untuk digunakan remaja, tetapi untuk ibu hamil sebaiknya berkonsultasi terlebih dahulu dengan dokter.
Refaquin
Harga: mulai dari Rp115.843 per tube
Beli Refaquin di Aloshop
Beli di Aloshop
Refaquin adalah krim kombinasi yang mengandung hydroquinone, tretinoin, dan fluocinolone acetonide. Kombinasi ini efektif untuk memudarkan hiperpigmentasi dan bekas jerawat yang membandel. Namun, penggunaannya harus sangat hati-hati karena berisiko menimbulkan iritasi jika tidak sesuai aturan pemakaian.
Refaquin tersedia dalam bentuk krim dan termasuk obat resep dokter. Gunakan hanya sesuai petunjuk dokter atau anjuran pada kemasan, tidak boleh sembarangan. Hindari pemakaian pada ibu hamil atau menyusui tanpa rekomendasi dari dokter.
Dosis penggunaannya umumnya dioleskan tipis pada area bekas jerawat, 1 kali sehari di malam hari. Efek samping produk ini dapat berupa kulit kemerahan, kering, atau mengelupas. Namun, efek samping ini biasanya bersifat sementara. Tidak dianjurkan untuk penggunaan jangka panjang tanpa pengawasan dokter.
Zelface Krim
Harga: mulai dari Rp73.406 per tube
Beli Zelface Krim di Aloshop
Beli di Aloshop
Zelface Krim mengandung adapalene, sejenis retinoid topikal yang dapat membantu mempercepat regenerasi kulit dan menyamarkan bekas jerawat. Krim ini juga efektif dalam mengurangi peradangan dan mencegah timbulnya jerawat baru.
Salep penghilang bekas jerawat ini berbentuk krim dan merupakan obat resep dokter. Gunakan Zelface Krim sesuai petunjuk dokter atau anjuran pada kemasan. Hindari penggunaan pada kulit yang mengalami luka terbuka atau iritasi. Penggunaan pada ibu hamil dan menyusui tidak dianjurkan tanpa rekomendasi dokter.
Dosis yang dianjurkan ialah dioleskan tipis pada area bekas jerawat, biasanya 1 kali sehari pada malam hari. Efek samping salep penghilang bekas jerawat ini dapat berupa iritasi, kemerahan, atau kulit kering. Namun, efek samping umumnya membaik dengan pemakaian teratur.
Bekas jerawat memang bisa mengganggu penampilan dan rasa percaya diri. Namun, dengan penggunaan salep penghilang bekas jerawat yang sesuai kebutuhan, noda hitam dan bekas luka bisa perlahan memudar. 
Jika Anda mengalami iritasi, kemerahan parah, atau bekas jerawat tidak juga membaik setelah beberapa minggu pemakaian salep penghilang bekas jerawat, segera konsultasikan ke dokter spesialis kulit. Anda juga bisa Chat Bersama Dokter di aplikasi ALODOKTER untuk mendapatkan saran pemilihan produk yang sesuai jenis kulit atau memesan konsultasi offline."
5 Ciri-Ciri Kanker Kelenjar Getah Bening Stadium 1 yang Perlu Diwaspadai,KESEHATAN,https://www.alodokter.com/5-ciri-ciri-kanker-kelenjar-getah-bening-stadium-1-yang-perlu-diwaspadai,Terakhir diperbarui: 11 September 2025,"Ciri-ciri kanker kelenjar getah bening stadium 1 biasanya masih ringan dan sering tidak disadari, sehingga...","Ciri-ciri kanker kelenjar getah bening stadium 1 biasanya masih ringan dan sering tidak disadari, sehingga mudah terabaikan. Namun, mengenali gejala awal ini sangat penting karena deteksi dini dapat meningkatkan peluang keberhasilan pengobatan dan kesembuhan.
Kanker kelenjar getah bening (limfoma) merupakan jenis kanker yang menyerang sistem limfatik, yaitu bagian penting dari pertahanan tubuh terhadap infeksi. Pada stadium 1, kanker masih terbatas pada satu area atau kelompok kelenjar getah bening, sehingga peluang pengobatan lebih besar jika terdeteksi sejak dini.
Ciri-ciri kanker kelenjar getah bening stadium 1 sering kali tampak samar dan menyerupai keluhan ringan, misalnya sering merasa lelah atau muncul benjolan kecil tanpa rasa nyeri. Oleh karena itu, mengenali tanda-tanda awal penyakit ini sangat penting agar deteksi dan pengobatan dapat dilakukan sedini mungkin.
Ciri-Ciri Kanker Kelenjar Getah Bening Stadium 1 yang Perlu Diwaspadai
Berikut beberapa ciri-ciri kanker kelenjar getah bening stadium 1 yang dapat menjadi petunjuk awal:
1. Benjolan tidak nyeri
Pada stadium 1, kanker kelenjar getah bening umumnya ditandai dengan munculnya benjolan di leher, ketiak, atau selangkangan. Benjolan ini terasa kenyal atau agak keras, dan berbeda dari benjolan akibat infeksi karena tidak menimbulkan rasa nyeri saat ditekan. 
Misalnya, jika Anda menemukan benjolan di leher yang ukurannya tetap atau perlahan membesar, tidak terasa sakit saat disentuh, dan tidak menghilang meski infeksi di tubuh sudah sembuh, kondisi tersebut perlu diwaspadai.
2. Pembesaran kelenjar getah bening tanpa sebab jelas
Pembesaran kelenjar ini biasanya terjadi tanpa penyebab yang jelas, misalnya bukan karena infeksi atau luka di area sekitarnya. Kondisi tersebut umumnya juga tidak disertai gejala lain, seperti demam, nyeri saat ditekan, atau kemerahan pada kulit sekitar benjolan. 
Oleh karena itu, Anda perlu waspada bila terjadi pembengkakan di ketiak tidak terasa sakit, tidak ada demam, atau tidak ada infeksi kulit di sekitarnya. 
3. Tubuh mudah lelah
Ciri-ciri kanker kelenjar getah bening stadium 1 lainnya adalah tubuh sering merasa lelah, meski sudah cukup tidur dan tidak melakukan aktivitas berat. Rasa lelah ini biasanya berlangsung lama, tidak membaik dengan istirahat, dan dapat mengganggu aktivitas sehari-hari. 
Kondisi ini bisa terlihat ketika Anda merasa lesu sepanjang hari, cepat merasa lelah setelah melakukan aktivitas ringan, atau sulit berkonsentrasi di kantor maupun sekolah.
4. Penurunan berat badan drastis
Berat badan bisa menurun drastis tanpa disertai diet maupun peningkatan aktivitas fisik yang berlebihan. Penurunan ini biasanya terjadi secara bertahap, tetapi cukup jelas terlihat, misalnya berat badan turun lebih dari 5 kilogram dalam beberapa bulan. 
Kondisi ini sering disadari ketika pakaian terasa semakin longgar atau orang di sekitar mulai melihat tubuh Anda tampak lebih kurus meski tidak sedang menjalani program penurunan berat badan.
5. Tubuh berkeringat di malam hari
Keringat malam merupakan salah satu gejala yang sering muncul pada penderita limfoma stadium 1, meski suhu ruangan normal dan tidak disertai demam. Kondisi ini biasanya ditandai dengan pakaian atau seprai yang basah oleh keringat saat bangun tidur.
Gejala tersebut bisa terasa mengganggu, misalnya Anda terbangun di tengah malam karena tubuh terasa berkeringat padahal cuaca sedang tidak panas.
Selain gejala di atas, ada juga beberapa keluhan lain yang bisa dialami, seperti demam ringan yang hilang-timbul atau kulit terasa gatal di area tertentu. Namun, gejala seperti nyeri hebat, penurunan nafsu makan berat, atau pembengkakan di banyak area tubuh umumnya baru muncul pada stadium yang lebih lanjut.
Ciri-ciri kanker kelenjar getah bening stadium 1 tidak selalu berarti kanker, karena benjolan juga bisa disebabkan oleh infeksi ringan. Namun, jika benjolan di leher, ketiak, atau selangkangan tidak mengecil setelah dua minggu, semakin membesar, atau disertai gejala lain, seperti penurunan berat badan dan keringat malam, sebaiknya segera melakukan pemeriksaan ke dokter.
Selain itu, Anda juga dianjurkan untuk melakukan pemeriksaan secara rutin dan mewaspadai setiap perubahan yang terjadi pada tubuh. Dengan begitu, deteksi dini pada stadium awal dapat menentukan keberhasilan pengobatan bila terjadi gangguan kesehatan tertentu.
Jika Anda mengalami gejala yang mengarah pada ciri-ciri kanker kelenjar getah bening stadium 1 di atas, jangan tunda untuk berkonsultasi ke dokter. Konsultasi dapat dilakukan di mana saja dan kapan saja serta cepat dan praktis melalui Chat Bersama Dokter di aplikasi Alodokter atau buat janji konsultasi langsung agar diagnosis dan pengobatan dapat segera dilakukan."
"Kenakalan Remaja, Kenali Penyebab, Dampak, dan Cara Menghadapinya",KESEHATAN,https://www.alodokter.com/kenakalan-remaja-kenali-penyebab-dampak-dan-cara-menghadapinya,Terakhir diperbarui: 11 September 2025,Kenakalan remaja adalah perilaku menyimpang yang dilakukan oleh anak usia remaja. Kondisi ini dapat memberikan...,"Kenakalan remaja adalah perilaku menyimpang yang dilakukan oleh anak usia remaja. Kondisi ini dapat memberikan dampak negatif, baik bagi diri remaja itu sendiri maupun lingkungan di sekitarnya, sehingga perlu diketahui penyebab serta cara menghadapinya sejak dini.
Kenakalan remaja sering menjadi perhatian banyak keluarga serta lingkungan sekolah. Kondisi ini bisa muncul akibat berbagai faktor, seperti lingkungan keluarga yang kurang harmonis, pengaruh teman sebaya, hingga penggunaan teknologi tanpa pengawasan.
Banyak remaja yang memiliki rasa ingin tahu tinggi dan ingin mencoba hal baru. Namun, tanpa bimbingan dan edukasi yang tepat, mereka berisiko terseret dalam perilaku negatif. Oleh karena itu, peran orang tua, guru, serta remaja sendiri sangat penting dalam mencegah dan mengatasi kenakalan remaja.
Kenakalan Remaja dan Penyebabnya
Ada beberapa faktor yang dapat menyebabkan kenakalan remaja. Berikut di antaranya:
1. Lingkungan keluarga kurang harmonis
Lingkungan keluarga sangat berperan dalam perkembangan karakter remaja. Jika orang tua sering bertengkar atau jarang memberikan dukungan, remaja bisa merasa diabaikan dan kesepian, sehingga bisa menyebabkan terciptanya kenakalan remaja.
Perasaan tidak aman di rumah mendorong remaja mencari perhatian atau kenyamanan di luar, yang kadang memicu perilaku menyimpang. Pola asuh yang terlalu ketat atau terlalu longgar juga dapat membuat remaja memberontak.
2. Pengaruh teman sebaya
Kenakalan remaja bisa disebabkan oleh pengaruh teman sebaya. Remaja cenderung ingin diterima oleh kelompoknya, sehingga mudah terpengaruh perilaku teman. Jika lingkungan pertemanan kurang positif, risiko melakukan kenakalan akan meningkat.
Tekanan untuk mengikuti kebiasaan kelompok sering membuat remaja melupakan nilai-nilai yang diajarkan di rumah. Mereka bisa terlibat bolos, tawuran, atau mencoba rokok serta alkohol untuk mendapat pengakuan.
3. Kurangnya edukasi dan komunikasi
Minimnya edukasi tentang bahaya pergaulan bebas atau aturan sosial membuat remaja salah langkah. Mereka mudah percaya informasi yang salah atau mengikuti tren tanpa tahu akibatnya.
Selain itu, komunikasi yang tidak terbuka antara remaja, orang tua, dan guru membuat masalah sulit diceritakan. Remaja yang merasa tidak punya tempat bercerita cenderung menyembunyikan masalahnya dan bertindak impulsif.
4. Penggunaan teknologi tanpa pengawasan
Akses internet tanpa pengawasan dapat membuat remaja terpapar konten negatif, seperti kekerasan atau pornografi. Media sosial juga memudahkan remaja menemukan kelompok yang tidak sehat, sehingga mendukung terjadinya kenakalan remaja.
Tanpa pengarahan, remaja mudah terlibat dalam cyberbullying atau tertarik mencoba tantangan viral yang berbahaya. Kebiasaan online yang tidak terkendali juga bisa mengganggu aktivitas belajar dan waktu istirahat.
5. Stres dan tekanan akademik
Tekanan dari sekolah atau harapan orang tua agar selalu berprestasi kadang membuat remaja stres. Jika tidak mampu menyesuaikan diri, remaja bisa merasa gagal dan kehilangan motivasi.
Untuk mengurangi beban perasaan, sebagian remaja memilih pelampiasan seperti begadang, merokok, atau mencari hiburan berlebihan. Kebiasaan ini, jika dibiarkan, dapat berkembang menjadi perilaku kenakalan remaja.
Kenakalan Remaja dan Dampaknya
Remaja pada dasarnya memiliki rasa ingin tahu yang cukup besar terhadap hal-hal baru. Tanpa adanya edukasi yang cukup dari orang tua, rasa ingin tahu ini dapat membuat remaja mencoba untuk mencari tahu sendiri hal-hal tersebut. Dampaknya, peluang remaja untuk melakukan kenakalan pun makin besar.
Berikut ini adalah dampak kenakalan remaja yang sering terjadi:
Gangguan prestasi akademik
Kenakalan remaja kerap menunjukkan penurunan motivasi belajar dan kurang disiplin di sekolah. Bolos, keterlambatan, hingga pelanggaran tata tertib bisa membuat nilai akademik menurun drastis. Jika tidak segera ditangani, kesulitan belajar dapat berlanjut dan memengaruhi masa depan pendidikan remaja tersebut.
Masalah kesehatan fisik dan mental
Merokok, minum alkohol, atau begadang sering menjadi pelarian bagi remaja yang terlibat kenakalan. Kebiasaan ini dapat menimbulkan berbagai masalah kesehatan fisik, seperti gangguan tidur, penurunan daya tahan tubuh, dan risiko penyakit jangka panjang. Selain itu, pola hidup tidak sehat juga bisa menyebabkan remaja mudah lelah dan kurang bugar.
Tidak hanya fisik, kesehatan mental pun terpengaruh. Tekanan lingkungan serta kurangnya dukungan bisa memicu stres, kecemasan, hingga depresi pada remaja. Perasaan tidak dihargai atau dikucilkan bisa memperburuk kondisi psikologis, bahkan meningkatkan risiko perilaku menyakiti diri sendiri.
Hubungan sosial memburuk
Remaja yang sering melakukan kenakalan cenderung menarik diri dari keluarga dan lingkungan positif. Mereka bisa menjadi lebih tertutup, sulit diajak komunikasi, dan lebih suka menghabiskan waktu dengan lingkungan yang kurang mendukung. Akibatnya, hubungan dengan orang tua, saudara, maupun teman lama bisa renggang.
Perilaku menyimpang juga membuat remaja sering mendapat cap negatif dari masyarakat. Mereka bisa dijauhi atau dikucilkan oleh teman sebaya maupun lingkungan sekitar. Hal ini membuat remaja semakin sulit mendapatkan dukungan sosial yang dibutuhkan untuk berkembang secara sehat.
Risiko terlibat tindak kriminal
Jika kenakalan remaja tidak segera ditangani, remaja bisa terjerumus ke perilaku yang melanggar hukum. Misalnya, pencurian, tawuran, perusakan fasilitas umum, atau penyalahgunaan narkoba. Keterlibatan dalam tindak kriminal dapat berujung pada masalah hukum yang serius dan memengaruhi masa depan remaja.
Kenakalan Remaja dan Cara Menghadapinya
Mengatasi kenakalan remaja membutuhkan kerja sama antara keluarga, lingkungan sekolah, dan remaja sendiri. Berikut ini adalah beberapa langkah yang bisa dilakukan:
Bangun komunikasi yang terbuka dan saling percaya antara remaja dan orang tua atau guru.
Berikan edukasi mengenai risiko dan dampak perilaku menyimpang secara jelas dan sederhana.
Awasi penggunaan teknologi dan media sosial, serta pantau lingkaran pergaulan anak secara bijak tanpa mengekang.
Libatkan remaja dalam kegiatan positif, seperti olahraga, seni, atau organisasi sekolah, agar mereka memiliki wadah untuk menyalurkan energi dan kreativitas.
Jika mengalami kesulitan dalam menghadapi perubahan perilaku akibat kenakalan remaja, jangan ragu untuk meminta bantuan pada konselor sekolah, psikolog, atau tenaga kesehatan profesional.
Perlu diketahui, kenakalan remaja bukan hanya masalah disiplin, tetapi juga merupakan tanda bahwa remaja membutuhkan perhatian, arahan, dan dukungan yang tepat dari lingkungan sekitarnya.
Oleh karena itu, jangan abaikan perubahan perilaku pada remaja, terutama jika berlangsung lama atau disertai penurunan prestasi dan masalah kesehatan, baik fisik maupun mental.
Jika Anda masih ragu dan memiliki pertanyaan lain seputar kenakalan remaja, jangan ragu untuk menggunakan layanan Chat Bersama Dokter di aplikasi ALODOKTER. Nantinya, Anda akan mendapatkan saran dan informasi seputar kesehatan fisik atau mental remaja."
8 Rekomendasi Shampo untuk Rambut Rontok dan Tipis,KESEHATAN,https://www.alodokter.com/rekomendasi-shampo-untuk-rambut-rontok-dan-tipis,Terakhir diperbarui: 11 September 2025,Shampo untuk rambut rontok dan tipis umumnya memiliki kandungan khusus yang dapat memperkuat akar rambut...,"Shampo untuk rambut rontok dan tipis umumnya memiliki kandungan khusus yang dapat memperkuat akar rambut sekaligus mendorong pertumbuhan rambut baru yang lebih tebal. Memilih shampo yang tepat dapat membantu menjaga kesehatan rambut secara keseluruhan dan meningkatkan rasa percaya diri.
Shampo untuk rambut rontok dan tipis umumnya mengandung bahan yang diformulasikan untuk menguatkan akar rambut, menutrisi kulit kepala agar tidak kering atau iritasi, serta melindungi rambut dari kerusakan. Beberapa kandungan tersebut misalnya biotin, keratin, zinc, dan ekstrak tumbuhan, seperti ginseng.
Penting untuk diketahui bahwa tidak semua shampo cocok untuk setiap jenis kerontokan, terutama jika kerontokan rambut disebabkan oleh penyakit, misalnya infeksi jamur, anemia, atau masalah hormon.
Pilihan Shampo Rambut untuk Rambut Rontok dan Tipis
Berikut ini adalah beberapa pilihan shampo terbaik yang dapat mengatasi rambut rontok dan tipis:
Serasoft Shampoo Hair Fall Treatment 340 ml
Harga: Rp66.400 per botol
Beli Serasoft Shampoo Hair Fall Treatment 340 ml di Aloshop
Beli di Aloshop
Serasoft mengandung DGA Serum dan sophora root yang mampu menutrisi rambut jauh lebih cepat dibandingkan dengan sampo biasa. Kombinasi kandungan bahan aktif ini bermanfaat untuk memperkuat akar rambut dan mencegah kerontokan berlebih.
Tidak hanya itu, pemakaian shampo untuk rambut rontok dan tipis dari Serasoft juga dapat membuat rambut lebih lembut dan wangi. Hasilnya, rambut pun kuat, sehat, dan sehat secara alami.
Pantene PRO-V Shampoo Hair Fall Control 70 ml
Harga: Rp29.500 per botol
Beli Pantene PRO-V Shampoo Hair Fall Control 70 ml di Aloshop
Beli di Aloshop
Shampo untuk rambut rontok dan tipis dari Pantene mengandung Pro-V Nutrient Blend yang dapat memperkuat batang rambut dan mengurangi kerontokan akibat rambut patah. Produk ini mampu menutrisi rambut dari akar hingga ujung sehingga rambut tampak lebih tebal.
Selain itu, kandungan dalam Pantene PRO-V Shampoo juga dapat melembapkan rambut sehingga lebih mudah diatur dan bebas kusut.
Zinc Shampoo Hair Fall Treatment 340 ml
Harga: Rp55.200 per botol
Beli Zinc Shampoo Hair Fall Treatment 340 ml di Aloshop
Beli di Aloshop
Zinc Shampoo Hair Fall dilengkapi dengan kandungan ekstrak ginseng Jepang yang dapat menjaga kekuatan akar rambut dan mengurangi rambut rontok sekaligus membuat rambut lebih halus.
Selain itu, shampo untuk rambut rontok dan tipis ini juga mengandung complex Zinc-PTO serum yang bermanfaat untuk mengurangi ketombe.
Tresemme Hair Fall Control Shampoo 170 ml
Harga: Rp53.400 per botol
Beli Tresemme Hair Fall Control Shampoo 170 ml di Aloshop
Beli di Aloshop
Tresemme diformulasikan khusus dengan kombinasi kandungan minyak chia seed dan vitamin amino. Kedua kandungan ini diketahui dapat memperkuat struktur rambut serta memperbaiki batang rambut yang rapuh. Hasilnya, rambut pun tampak lebih tebal, sehat, dan bebas dari rontok.
Head & Shoulders Shampoo Hairfall 180 ml
Harga: Rp52.400 per botol
Beli Head & Shoulders Shampoo Hairfall 180 ml di Aloshop
Beli di Aloshop
Bagi Anda yang mengalami masalah rambut rontok, tipis, sekaligus ketombe, sampo dari Head & Shoulders bisa dicoba. Shampo ini mengandung argan crème⁺ dan esens alpukat yang dapat menguatkan rambut dan menjaganya tetap sehat. Tidak hanya itu, sampo dari Head & Shoulders juga memberikan perlindungan terhadap ketombe di kulit kepala.
Wardah Shampoo Hairfall Treatment 170 ml
Harga: Rp36.000 per botol
Beli Wardah Shampoo Hairfall Treatment 170 ml di Aloshop
Beli di Aloshop
Pilihan lain shampo untuk rambut rontok dan tipis adalah dari Wardah. Sampo ini mengandung ginseng dan ekstrak rosemary yang membantu memperkuat akar rambut dan menjaga kesehatan kulit kepala. Dengan pemakaian rutin, rambut pun tumbuh lebih kuat dan sehat.
L'Oreal Shampo Hair Fall 170 ml
Harga: Rp65.000 per botol
Beli LOreal Shampo Hair Fall 170 ml di Aloshop
Beli di Aloshop
Shampo ini mengandung arginine dan formula khusus yang menutrisi rambut dan memperkuat batang hingga ujung rambut agar tidak mudah rontok. Selain itu, pemakaian sampo dari Loreal ini juga dapat mendukung pertumbuhan rambut yang sehat dan melindungi rambut dari kerusakan.
Dove Shampo Rambut Rontok 135 ml
Harga: Rp38.700 per botol
Beli Dove Shampo Rambut Rontok 135 ml di Aloshop
Beli di Aloshop
Dove mengandung nutri serum dan dynazinc yang dapat menutrisi rambut dari akar dan efektif mengurangi rambut rontok karena patah. Dengan formula yang ringan, shampo untuk rambut rontok dan tipis ini juga membuat rambut berkilau tanpa terlihat lepek dan wangi yang bertahan lama.
Itulah berbagai pilihan shampo untuk rambut rontok dan tipis yang bisa disesuaikan dengan kebutuhan Anda. Hal yang terpenting adalah menghindari sampo berbahan keras, seperti SLS, karena bisa membuat rambut semakin rapuh. Idealnya, keramas dilakukan sebanyak 2–3 kali seminggu agar kelembapan alami rambut tetap terjaga.
Rambut rontok dan tipis memang bisa menjadi masalah yang mengganggu, tetapi dengan pemilihan shampo yang sesuai dan penggunaan yang tepat, kerontokan dapat diminimalisir.
Jika kerontokan rambut tidak membaik setelah menggunakan shampo untuk rambut rontok dan tipis, sebaiknya segera konsultasi ke dokter melalui Chat Bersama Dokter atau konsultasi langsung ke dokter jika kerontokan sudah parah. Dengan tindakan yang tepat, Anda bisa menjaga kesehatan rambut dan mengembalikan rasa percaya diri."
6 Efek Samping Methylprednisolone yang Perlu Diketahui,KESEHATAN,https://www.alodokter.com/6-efek-samping-methylprednisolone-yang-perlu-diketahui,Terakhir diperbarui: 11 September 2025,"Efek samping methylprednisolone bisa dialami oleh siapa saja yang menggunakannya, baik penggunaan dalam jangka pendek...","Efek samping methylprednisolone bisa dialami oleh siapa saja yang menggunakannya, baik penggunaan dalam jangka pendek maupun panjang. Obat ini merupakan golongan kortikosteroid yang efektif untuk mengatasi peradangan dan berbagai gangguan autoimun. 
Meski dapat mempercepat pemulihan dan meringankan peradangan, efek samping methylprednisolone sering kali muncul, terutama jika obat ini digunakan dalam dosis besar, jangka waktu lama, atau tanpa kontrol rutin dari dokter.
Methylprednisolone bekerja dengan cara mengurangi zat pemicu peradangan di dalam tubuh. Dengan begitu, gejala peradangan, seperti nyeri dan pembengkakan, akan berangsur mereda. Obat ini umumnya diberikan untuk mengatasi berbagai penyakit, seperti asma, lupus, rematik, hingga reaksi alergi berat. 
Efek Samping Methylprednisolone yang Paling Sering Terjadi
Efek samping methylprednisolone bisa berbeda-beda pada setiap orang, tergantung pada dosis, lama penggunaan, dan kondisi kesehatan secara umum. 
Berikut ini adalah beberapa efek samping methylprednisolone yang paling sering dikeluhkan:
1. Gangguan lambung
Efek samping methylprednisolone yang umum dikeluhkan adalah gangguan lambung. Kondisi ini umumnya ditandai dengan keluhan mual, muntah, nyeri ulu hati, atau gejala maag, terutama bila diminum tanpa makanan.
Kondisi ini bisa terjadi karena methylprednisolone dapat meningkatkan produksi asam lambung dan mengiritasi dinding lambung. Oleh karena itu, coba konsumsi obat bersamaan dengan makanan dan hindari makanan pedas atau asam agar keluhan tidak bertambah buruk.
2. Peningkatan gula darah
Selain gangguan lambung, efek samping methylprednisolone juga dapat meningkatkan kadar gula darah. Hal ini bisa terjadi karena obat ini dapat memengaruhi cara tubuh memproses gula. Efek samping ini perlu diwaspadai, terutama pada penderita diabetes atau orang yang memiliki risiko diabetes.
Oleh karena itu, penting untuk memantau kadar gula secara rutin selama mengonsumsi methylprednisolone.
3. Penurunan daya tahan tubuh
Penurunan daya tahan tubuh juga dapat menjadi efek samping methylprednisolone. Obat ini bekerja dengan menekan sistem imun sehingga tubuh lebih rentan terkena infeksi, misalnya flu, batuk, atau infeksi kulit.
4. Perubahan suasana hati 
Efek samping methylprednisolone lainnya adalah perubahan suasana hati. Beberapa pengguna bisa merasa lebih gelisah, mudah cemas, atau sulit tidur, terutama jika menggunakan obat ini dalam dosis tinggi atau dalam waktu yang lama
5. Pembengkakan dan kenaikan berat badan
Penumpukan cairan pada wajah, perut, atau tungkai juga dapat terjadi selama pemakaian methylprednisolone. Kondisi ini dapat menyebabkan pembengkakan dan kenaikan berat badan. Hal ini bisa terjadi karena adanya perubahan keseimbangan cairan dan garam di dalam tubuh.
Untuk mencegah pembengkakan berlebihan, batasi konsumsi garam dan perbanyak minum air putih selama mengonsumsi methylprednisolone.
6. Tekanan darah naik
Tekanan darah yang meningkat juga dapat menjadi efek samping methylprednisolone, terutama pada pengguna yang sudah memiliki hipertensi atau memakai obat lain yang memengaruhi tekanan darah.
Methylprednisolone dapat meningkatkan tekanan darah karena menyebabkan retensi cairan dan garam di dalam tubuh. Kondisi ini membuat volume darah bertambah, sehingga tekanan di pembuluh darah pun meningkat.
Selain beberapa efek samping di atas, methylprednisolone juga dapat menimbulkan efek samping yang lebih serius, terutama jika digunakan dalam dosis tinggi atau dalam jangka waktu yang lama. Beberapa di antaranya adalah osteoporosis, gangguan pertumbuhan pada anak, gangguan keseimbangan hormon, serta penurunan kekuatan otot. 
Tidak hanya itu, risiko gangguan mata, seperti katarak dan glaukoma juga dapat meningkat. Oleh karena itu, penggunaan methylprednisolone harus selalu dalam pengawasan dokter agar efek samping berat dapat diminimalkan.
Perlu diingat, pengguna methylprednisolone biasanya mengalami efek samping yang berbeda-beda. Banyak yang hanya merasakan gejala ringan atau bahkan tidak merasakan efek samping sama sekali. Namun, risiko efek samping serius akan meningkat jika methylprednisolone dipakai tanpa resep atau tanpa kontrol dokter secara berkala.
Oleh karena itu, selalu ikuti aturan pakai dari dokter dan jangan pernah menghentikan obat ini secara mendadak tanpa konsultasi medis. Penghentian mendadak bisa menimbulkan gangguan hormon yang berbahaya. 
Untuk efek samping ringan, seperti gangguan pencernaan atau perubahan mood, biasanya dapat dikendalikan secara mandiri, seperti menerapkan pola makan sehat, istirahat cukup, dan pemantauan rutin. 
Namun, jika Anda mengalami efek samping methylprednisolone yang lebih serius dan tidak kunjung membaik dalam beberapa hari, segera konsultasikan ke dokter. Anda bisa melakukannya secara online melalui layanan Chat Bersama Dokter di aplikasi ALODOKTER untuk mendapatkan saran dan informasi yang sesuai  dengan kondisi Anda."
"2 Bulan Pasca Operasi Caesar Perut Masih Sakit, Apa Ya Penyebabnya?",KESEHATAN,https://www.alodokter.com/2-bulan-pasca-operasi-caesar-perut-masih-sakit-apa-ya-penyebabnya,Terakhir diperbarui: 11 September 2025,"2 bulan pasca operasi caesar perut masih sakit sering membuat Bunda khawatir, apalagi jika rasa...","2 bulan pasca operasi caesar perut masih sakit sering membuat Bunda khawatir, apalagi jika rasa nyeri mengganggu aktivitas sehari-hari. Perlu diketahui, proses pemulihan operasi caesar memang cenderung lebih lama daripada melahirkan normal lho. Makanya, Bunda masih bisa merasakan rasa nyeri di perut. Meski begitu, kondisi ini tetap tidak boleh disepelekan ya. 
Luka jahitan operasi caesar umumnya akan pulih dalam waktu sekitar 6–8 minggu. Namun, ada sebagian ibu yang masih merasakan perutnya sakit meski sudah 2 bulan melakukan operasi caesar. 
Nah, rasa sakit yang dirasakan 2 bulan setelah operasi caesar bisa saja merupakan bagian dari proses penyembuhan. Akan tetapi, kondisi ini juga bisa menjadi tanda adanya gangguan kesehatan lainnya. Oleh karena itu, 2 bulan pasca operasi perut masih sakit tidak boleh disepelekan ya, Bun. Lantas, apa ya penyebabnya? 
Penyebab 2 Bulan Pasca Operasi Caesar Perut Masih Sakit
Berikut ini adalah beberapa penyebab 2 bulan pasca operasi caesar perut masih sakit yang perlu diketahui: 
1. Proses penyembuhan jaringan
Setelah tindakan operasi caesar, tubuh memerlukan waktu untuk memperbaiki jaringan yang rusak akibat sayatan. Proses penyembuhan luka operasi caesar membutuhkan waktu berminggu-minggu hingga beberapa bulan untuk benar-benar pulih.
Selama proses penyembuhan, area bekas sayatan akan terasa nyeri, kaku, dan sedikit tidak nyaman. Oleh karena itu, Bunda tidak perlu cemas jika 2 bulan pasca operasi caesar perut masih sakit ya. Soalnya, hal ini bisa menjadi tanda dari proses pemulihan. 
2. Luka jahitan yang belum pulih sempurna
Setelah operasi caesar, tubuh butuh waktu untuk menyembuhkan luka sayatan di kulit, jaringan otot, hingga rahim. Pada sebagian ibu, proses penyembuhan bisa lebih lama karena faktor seperti aktivitas yang terlalu berat, infeksi ringan, kondisi kesehatan tertentu, atau perawatan luka yang kurang optimal.
Kalau luka jahitan belum benar-benar pulih, jaringan di sekitar area operasi masih terasa tegang, sensitif, dan nyeri, terutama saat bergerak, batuk, atau menggendong bayi. Inilah yang membuat 2 bulan pasca operasi caesar perut masih sakit.
3. Aktivitas fisik yang terlalu berat
Salah satu penyebab 2 bulan pasca operasi caesar perut masih sakit adalah melakukan aktivitas fisik yang terlalu berat. Mengangkat barang berat atau sering naik turun tangga dapat memberikan tekanan tambahan pada area bekas operasi. 
Jika Bunda terlalu cepat kembali ke aktivitas ini bisa membuat otot dan jaringan di sekitar bekas luka belum pulih sepenuhnya sehingga menjadi mudah nyeri atau terasa tegang.
4. Infeksi luka operasi
Infeksi luka operasi juga bisa menyebabkan 2 bulan pasca operasi caesar perut masih sakit. Kondisi ini bisa disebabkan oleh berbagai hal, mulai dari luka bekas operasi tidak terjaga kebersihannya, perawatan luka kurang optimal, hingga  sistem imun tubuh ibu melemah. Kondisi ini membuat proses penyembuhan luka terhambat sehingga perut masih terasa sakit meskipun sudah 2 bulan pasca operasi. 
Selain nyeri, infeksi pada luka operasi juga disertai berbagai gejala, seperti kemerahan, bengkak, nyeri hebat, keluarnya cairan atau nanah, dan demam. Jika muncul gejala seperti ini, segera periksakan ke dokter agar mendapat penanganan tepat sebelum infeksi semakin parah ya, Bun. 
5. Pembentukan jaringan parut 
Setelah operasi caesar, tubuh akan membentuk jaringan parut sebagai bagian dari proses penyembuhan. Namun, pada sebagian ibu, jaringan parut yang terbentuk di dalam rongga perut atau sekitar organ mungkin menempel dan menyebabkan nyeri yang menetap, kaku, dan rasa tidak nyaman di area tersebut. 
Makanya, jika 2 bulan pasca operasi caesar perut masih sakit mungkin jaringan parut berlebih bisa menjadi salah satu penyebabnya.
6. Endometriosis pada bekas luka
Meski jarang terjadi, jaringan endometrium dapat tumbuh di area bekas operasi. Kondisi ini umumnya akan menyebabkan rasa nyeri yang menetap atau makin berat, terutama selama menstruasi.
Tips Memulihkan Diri Pasca Operasi Caesar
Masa pemulihan setelah operasi caesar membutuhkan perhatian khusus agar tubuh dapat kembali sehat dan beraktivitas seperti semula. Melakukan perawatan dan penyesuaian gaya hidup yang tepat sangat penting untuk mempercepat proses penyembuhan serta mengurangi risiko masalah kesehatan, seperti perut masih sakit 2 bulan pasca operasi caesar. 
Berikut ini adalah beberapa tips memulihkan diri pasca operasi caesar yang dapat Bunda terapkan di rumah: 
Istirahat dan tidur yang cukup 
Hindari aktivitas berat, seperti mengangkat barang, naik turun tangga, dan berolahraga yang terlalu intens. 
Jaga bekas luka operasi tetap kering dan bersih setiap harinya
Tidak menggaruk area bekas sayatan operasi
Kenakan pakaian yang longgar dan nyaman
Lakukan olahraga ringan yang bisa dinaikkan pelan-pelan secara bertahap, seperti jalan santai dan senam Kegel
Konsumsi makanan bergizi, terutama yang tinggi protein, vitamin, dan mineral
Minum air putih yang cukup agar tetap terhidrasi dan mencegah sembelit 
Tidak melakukan hubungan seks dan mengemudikan kendaraan terlebih dahulu sebelum diizinkan oleh dokter
Di samping itu, Bunda juga bisa mengonsumsi obat pascaoperasi caesar yang diresepkan oleh dokter, seperti paracetamol atau ibuprofen, untuk meredakan rasa sakit akibat luka sayatan operasi. 
Sebenarnya, proses pemulihan setelah operasi caesar pada setiap wanita bisa berbeda-beda. Jadi wajar bila ada yang mengalami keluhan, seperti 2 bulan pasca operasi caesar perut masih sakit.
Namun, jika rasa nyeri yang dialami makin mengganggu aktivitas dan kenyamanan bersama Si Kecil, segera konsultasikan ke dokter ya. Bunda bisa melakukan konsultasi secara langsung maupun melalui Chat Bersama Dokter di aplikasi Alodokter untuk mendapatkan jawaban yang tepat."
"Sakit Perut dan Infeksi Saluran Cerna, Kenali Penyebab dan Cara Mengatasinya",KESEHATAN,https://www.alodokter.com/sakit-perut-dan-infeksi-saluran-cerna-kenali-penyebab-dan-cara-mengatasinya,Terakhir diperbarui: 11 September 2025,Sakit perut dan infeksi saluran cerna sering kali saling berkaitan tanpa disadari. Kondisi ini bisa...,"Sakit perut dan infeksi saluran cerna sering kali saling berkaitan tanpa disadari. Kondisi ini bisa sangat mengganggu aktivitas sehari-hari dan jika tidak ditangani dengan benar, dapat meningkatkan risiko terjadinya komplikasi serius. Oleh karena itu, memahami penyebab sakit perut dan infeksi saluran cerna sangat penting agar penanganan yang tepat bisa segera diberikan.
Sakit perut yang terkait dengan infeksi saluran cerna kerap disalahartikan sebagai tanda penyakit organ pencernaan yang lebih berat, seperti radang usus buntu, batu empedu, atau tukak lambung. Padahal, kedua kondisi ini memiliki ciri khas yang berbeda.
Pada sakit perut akibat infeksi saluran cerna misalnya, rasa nyeri biasanya terasa di seluruh area perut dan kerap muncul bersamaan dengan keinginan buang air besar. Tak hanya itu, sakit perut jenis ini juga biasanya disertai dengan keluhan lain, seperti mual, muntah, diare, perut kembung, maupun demam ringan. 
Sementara itu, sakit perut akibat gangguan organ pencernaan yang serius biasanya terlokalisasi di satu titik tertentu, menetap, dan disertai gejala demam tinggi, muntah terus-menerus, atau tinja bercampur darah. 
Penyebab dan Faktor Risiko Sakit Perut dan Infeksi Saluran Cerna
Sakit perut yang berhubungan dengan infeksi saluran cerna umumnya disebabkan oleh bakteri, virus, atau parasit, termasuk cacing dan amoeba. Infeksi ini bisa terjadi akibat beberapa faktor, berikut ini di antaranya:
1. Konsumsi makanan atau minuman terkontaminasi
Sakit perut dan infeksi saluran cerna sering kali terjadi karena masuknya kuman ke dalam tubuh melalui konsumsi makanan atau minuman yang tidak bersih. Misalnya, makan daging yang tidak dimasak sampai matang, sayur atau buah yang tidak dicuci dengan air hingga bersih, serta minum air yang belum dimasak.
2. Kebiasaan cuci tangan yang kurang baik
Tidak mencuci tangan dengan sabun dan air mengalir setelah buang air besar, memegang hewan, atau sebelum makan juga dapat menyebabkan terjadinya sakit perut dan infeksi saluran cerna. Pasalnya, jika kebiasaan tersebut dilakukan kemudian Anda memasukkan tangan ke dalam mulut, hal itu bisa menyebabkan kuman masuk ke dalam saluran cerna dan menginfeksinya. 
Selain itu, anak-anak yang sering bermain di lantai atau tanah dan tidak terbiasa cuci tangan juga lebih mudah terkena infeksi saluran cerna.
3. Kontak dengan penderita infeksi saluran cerna
Sedang merawat atau tinggal bersama orang yang sedang sakit diare atau infeksi saluran cerna? Hati-hati, kamu bisa mengalami sakit perut dan infeksi saluran cerna juga. Penularan ini bisa terjadi lewat partikel kuman yang menempel pada tangan, mainan, pakaian, alat makan, ataupun permukaan benda lain yang disentuh bersama.
4. Sistem imun yang lemah
Anak-anak, lansia, ibu hamil, serta orang yang memiliki penyakit kronis, seperti diabetes atau HIV/AIDS, umumnya memiliki daya tahan tubuh yang lebih lemah sehingga lebih mudah terinfeksi. 
Hal ini karena ketika daya tahan tubuh lemah, tubuh menjadi kurang efektif dalam melawan kuman yang masuk ke dalam saluran pencernaan, sehingga sakit perut dan infeksi saluran cerna pun terjadi.
5. Sulitnya mendapatkan air bersih dan higienis
Kesulitan memperoleh air bersih dan higienis, baik untuk minum maupun mencuci tangan dan alat makan, juga dapat meningkatkan risiko terjadinya sakit perut dan infeksi saluran cerna. Pasalnya, air yang tidak bersih dan higienis menjadi tempat berkembang biaknya kuman penyebab infeksi saluran cerna. 
Hal ini sering dijumpai di lingkungan dengan sanitasi buruk, saluran pembuangan yang tidak memadai, atau sumber air yang tercemar. Selain itu, makanan yang dijual di pinggir jalan tanpa penutup juga lebih berisiko terkontaminasi kuman penyebab infeksi saluran cerna.
6. Penggunaan antibiotik yang tidak tepat
Minum antibiotik tanpa resep dokter atau tidak menghabiskan obat sesuai anjuran bisa membunuh bakteri baik di usus. Akibatnya, bakteri dan kuman jahat lain lebih mudah berkembang biak di usus, sehingga risiko sakit perut dan infeksi saluran cerna meningkat.
Cara Mengatasi Sakit Perut dan Infeksi Saluran Cerna
Jika Anda atau keluarga mengalami sakit perut yang berkaitan dengan infeksi saluran cerna, beberapa langkah sederhana berikut dapat membantu mempercepat pemulihan dan mencegah kondisi menjadi lebih parah atau kambuh kembali:
1. Istirahat yang cukup
Tubuh memerlukan waktu untuk melawan infeksi dan memperbaiki jaringan yang terganggu. Oleh karena itu, agar proses pemulihan akibat sakit perut dan infeksi saluran cerna lebih cepat, kurangi aktivitas fisik, istirahat di rumah, dan usahakan tidur yang cukup.
2. Cukupi asupan cairan
Banyak minum air putih sangat penting untuk mencegah dehidrasi, apalagi jika sakit perut dan infeksi saluran cerna disertai dengan muntah atau diare. 
Agar cairan tubuh tetap terjaga, Anda juga bisa minum oralit, air kelapa, atau cairan elektrolit lain agar cairan tubuh tetap terjaga. Selain itu, hindari minuman manis, berkafein, atau bersoda karena dapat memperburuk keluhan yang Anda alami.
3. Pilih makanan yang tepat
Selama sakit perut dan infeksi saluran cerna, makanlah makanan yang mudah dicerna, seperti bubur, sup, atau pisang, dan makanlah sedikit-sedikit tapi sering. Hindari makanan pedas, berlemak, gorengan, dan produk susu karena dapat memperberat kerja saluran cerna dan memperparah keluhan sakit perut.
4. Hindari penggunaan obat diare tanpa anjuran dokter
Sakit perut dan infeksi saluran cerna memang terkadang disertai dengan keluhan diare. Namun, perlu diketahui bahwa tidak semua diare perlu langsung diberi obat penghenti diare. Pasalnya, pada beberapa kasus, menghentikan diare justru bisa memperlambat keluarnya kuman dari tubuh. 
Nah, karena itulah, obat-obatan tersebut biasanya hanya boleh digunakan jika direkomendasikan oleh dokter sesuai penyebab infeksi saluran cerna.
5. Terapkan pola hidup bersih
Agar sakit perut dan infeksi saluran cerna tidak mudah kambuh, biasakan untuk menjalani perilaku hidup bersih dan sehat, misalnya cuci tangan dengan sabun dan air mengalir, setiap sebelum makan, setelah dari toilet, atau setelah membersihkan anak. Selain itu, jangan lupa juga untuk selalu menjaga kebersihan rumah, lingkungan, serta pastikan semua makanan dan minuman yang dikonsumsi benar-benar matang dan bersih.
6. Minum obat antibiotik atau obat cacing
Sakit perut dan infeksi saluran cerna juga bisa diatasi dengan minum obat-obatan, misalnya obat antibiotik untuk mengatasi sakit perut yang disebabkan oleh infeksi bakteri di saluran cerna atau obat cacing untuk sakit perut akibat infeksi cacing. 
Namun, sebelum menggunakan obat-obatan tersebut, pastikan Anda sudah berkonsultasi dengan dokter. Hal ini karena obat-obatan tersebut hanya bisa diperoleh dan digunakan sesuai dengan petunjuk dari dokter.
Meski terlihat ringan, jangan abaikan sakit perut dan infeksi saluran cerna. Karena jika dibiarkan, risiko dehidrasi dan komplikasi lebih serius lainnya bisa terjadi. 
Oleh karena itu, jika sakit perut dan infeksi saluran cerna berlangsung lebih dari tiga hari atau disertai gejala berat, seperti demam tinggi, muntah berulang, dehidrasi, atau tinja bercampur darah, segera periksakan diri ke dokter untuk mendapatkan penanganan yang tepat. 
Konsultasi ini bisa dilakukan dengan mengunjungi fasilitas kesehatan secara langsung atau melalui fitur Chat Bersama Dokter di aplikasi ALODOKTER."
"9 Obat Maag Alami, Ini Pilihan yang Bisa Dicoba",KESEHATAN,https://www.alodokter.com/9-obat-maag-alami-ini-pilihan-yang-bisa-dicoba,Terakhir diperbarui: 11 September 2025,Obat maag alami banyak diminati karena dianggap lebih aman dan minim efek samping. Jika Anda...,"Obat maag alami banyak diminati karena dianggap lebih aman dan minim efek samping. Jika Anda sering mengalami nyeri ulu hati, mual, atau perut kembung akibat maag, beberapa bahan alami yang mudah ditemukan, seperti jahe, pepaya, dan kunyit, bisa membantu meredakan gejala tersebut.
Sebelum memilih obat maag alami, penting untuk memahami bahwa sakit maag umumnya terjadi akibat peningkatan asam lambung atau iritasi pada dinding lambung.
Beberapa orang memilih pengobatan tradisional atau bahan herbal karena ingin menghindari efek samping dari obat kimia. Namun, tidak semua obat alami cocok untuk setiap orang, sehingga pemilihan harus dilakukan secara hati-hati dan tetap memperhatikan keamanan serta potensi risikonya.
Beragam Obat Maag Alami
Obat maag alami umumnya berasal dari bahan tradisional atau rempah yang mudah ditemukan di dapur. Banyak orang memilih obat maag alami untuk meredakan keluhan maag ringan, sebab dianggap lebih aman dan minim efek samping.
Berikut ini adalah beberapa pilihan obat maag alami:
1. Air jahe hangat
Air jahe hangat merupakan salah satu obat maag alami yang cukup populer. Kandungan gingerol di dalam jahe memiliki sifat antiradang, sehingga dapat membantu menenangkan lambung yang perih atau kembung. 
Cara mengonsumsinya cukup mudah, cukup seduh irisan jahe dengan air panas dan minum selagi hangat. Jahe juga bisa membantu mengurangi mual dan memperbaiki pencernaan, tetapi hindari konsumsi berlebihan terutama jika lambung Anda sensitif.
2. Kunyit
Kunyit juga sering dipakai sebagai obat maag alami, karena mengandung kurkumin yang mampu melindungi lapisan lambung dari iritasi dan peradangan. Kunyit bisa dikonsumsi dengan cara diparut dan diambil airnya, lalu diminum secara rutin dalam porsi yang wajar. 
Perlu diingat, hindari mengonsumsi kunyit berlebihan, terutama jika Anda memiliki masalah pada kantung empedu atau sedang hamil.
3. Madu murni
Madu murni dapat melapisi dinding lambung, sehingga membantu mengurangi nyeri, rasa panas, dan iritasi akibat maag. Kandungan antioksidan dalam madu juga mendukung penyembuhan luka serta mengurangi peradangan. 
Cukup konsumsi 1–2 sendok teh madu murni, baik secara langsung maupun dicampur air hangat, untuk mendukung pemulihan maag. Pilihlah madu asli tanpa campuran untuk hasil yang maksimal.
4. Lidah buaya
Gel lidah buaya mengandung zat yang menenangkan, sehingga dapat membantu meredakan rasa panas atau perih di lambung. Cara mengonsumsinya adalah dengan mengambil gel dari daging daun lidah buaya, cuci bersih, lalu campurkan dengan sedikit air. 
Selain menenangkan, lidah buaya juga membantu mengurangi produksi asam lambung. Namun, hindari konsumsi lidah buaya berlebihan karena bisa memicu diare.
5. Air kelapa muda
Air kelapa muda dapat membantu menetralkan asam lambung dan menyejukkan perut. Selain mengurangi perih, air kelapa juga mengandung elektrolit yang baik untuk menghidrasi tubuh. Minum segelas air kelapa muda segar bisa menjadi pilihan alami untuk mengatasi maag, tetapi hindari tambahan gula agar manfaatnya optimal ya. 
6. Teh chamomile
Teh chamomile dikenal dapat menenangkan sistem pencernaan dan mengurangi gejala maag, seperti mual serta perut kembung. Seduhlah satu kantong teh chamomile dengan air panas, lalu minum selagi hangat. Chamomile juga dapat membantu tidur lebih nyenyak dan mengurangi stres yang memicu maag.
7. Licorice (akar manis)
Licorice dipercaya mampu melindungi lapisan lambung serta mengurangi peradangan akibat asam lambung. Ekstrak licorice bisa diminum sebagai teh herbal. Namun, pastikan dosis licorice tidak berlebihan dan hindari teh ini jika Anda memiliki tekanan darah tinggi atau penyakit ginjal.
8. Pisang dan pepaya
Pisang dan pepaya bisa dijadikan camilan sehat untuk penderita maag. Soalnya, keduanya mengandung serat serta enzim yang dapat menetralkan asam lambung dan melancarkan proses pencernaan. Pisang juga memberikan efek menenangkan pada lambung.
9. Yoghurt
Yoghurt kaya akan probiotik yang bagus untuk kesehatan saluran cerna. Konsumsi yoghurt dapat membantu menjaga keseimbangan bakteri baik di usus, sehingga proses pencernaan menjadi lebih lancar. Untuk mengatasi maag, pilih yoghurt tawar tanpa tambahan gula ya.
Agar penggunaan obat maag alami tetap aman dan efektif, perhatikan beberapa tips berikut:
Pilih bahan yang segar dan bersih untuk mencegah kontaminasi.
Konsumsi dalam jumlah wajar, jangan berlebihan.
Jika Anda memiliki alergi, hindari bahan yang berpotensi memicu munculnya reaksi alergi.
Secara umum, penggunaan bahan alami di atas sebagai obat maag alami tergolong aman, selama dikonsumsi tidak berlebihan. Namun, jika keluhan maag berlangsung terus-menerus, obat alami saja mungkin tidak cukup dan Anda membutuhkan pemeriksaan medis. 
Orang dengan kondisi tertentu, misalnya ibu hamil, ibu menyusui, anak-anak, atau pengidap penyakit kronis, sebaiknya menghindari penggunaan ramuan herbal tanpa pengawasan dokter. Ini bertujuan untuk mencegah risiko interaksi obat atau efek samping.
Obat maag alami bisa menjadi pilihan yang aman untuk meredakan keluhan ringan, terutama jika didukung pola makan teratur, menghindari makanan pemicu, dan mengelola stres. Bila gejala membaik setelah menggunakan obat alami, Anda dapat melakukan pemantauan lanjutan secara mandiri di rumah.
Namun, apabila obat maag alami tidak juga meredakan keluhan atau Anda mengalami gejala yang lebih berat, seperti muntah darah, nyeri perut hebat, atau penurunan berat badan tanpa sebab, sebaiknya segera konsultasikan ke dokter. 
Untuk penanganan awal dan konsultasi praktis, Anda dapat menggunakan fitur Chat Bersama Dokter melalui aplikasi ALODOKTER. Dengan begitu, Anda akan mendapatkan saran medis yang sesuai dengan kondisi Anda."
10 Shampoo untuk Kulit Kepala Gatal yang Ampuh,HIDUP SEHAT,https://www.alodokter.com/shampoo-untuk-kulit-kepala-gatal-yang-ampuh,Terakhir diperbarui: 11 September 2025,Shampoo untuk kulit kepala gatal adalah solusi praktis yang banyak dipilih untuk mengurangi rasa tidak...,"Shampoo untuk kulit kepala gatal adalah solusi praktis yang banyak dipilih untuk mengurangi rasa tidak nyaman di kepala. Gatal di kulit kepala bisa mengganggu aktivitas dan menurunkan kepercayaan diri. Penggunaan shampoo khusus menjadi langkah awal yang mudah dan tersedia luas di apotek maupun toko.
Penyebab kulit kepala gatal sangat beragam, mulai dari ketombe, kulit kepala kering, infeksi jamur, reaksi alergi pada produk rambut, hingga kotoran atau keringat yang menumpuk. 
Faktor lain seperti cuaca panas, sering memakai penutup kepala, atau jarang keramas juga bisa memperburuk keluhan ini. Untuk mengatasinya, penggunaan shampoo yang tepat sangat penting agar rasa gatal dapat diredakan secara efektif.
Namun, memilih shampoo untuk kulit kepala gatal tidak boleh sembarangan. Salah memilih produk atau tidak mengikuti petunjuk pemakaian bisa membuat gatal semakin parah, menimbulkan iritasi, atau menyebabkan rambut rontok. 
Oleh karena itu, penting untuk memilih shampoo dengan kandungan yang sesuai, membaca aturan pakai, dan segera hentikan pemakaian jika muncul reaksi alergi. Jika gatal tidak membaik setelah penggunaan rutin, sebaiknya segera konsultasikan ke dokter.
Pilihan Shampoo untuk Kulit Kepala Gatal yang Ampuh
Berikut adalah rekomendasi shampoo yang dapat membantu meredakan gatal pada kulit kepala, tersedia dalam bentuk cair dan bisa digunakan sesuai petunjuk. Jika keluhan tidak membaik setelah beberapa hari penggunaan, jangan ragu untuk berkonsultasi ke dokter.
Selsun Blue
Harga mulai dari Rp40.400
Beli Selsun Blue di Aloshop
Beli di Aloshop
Selsun Blue mengandung selenium sulfide, bahan aktif yang dapat menghambat pertumbuhan jamur penyebab ketombe dan meredakan gatal pada kulit kepala. Selenium sulfide juga membantu mengurangi pengelupasan kulit berlebih yang menjadi penyebab utama rasa gatal.
Shampoo ini berbentuk cair dan bisa didapatkan bebas di apotek tanpa resep. Gunakan Selsun Blue sesuai petunjuk pada kemasan atau anjuran tenaga medis, biasanya 2 kali seminggu di awal pengobatan. Hindari pemakaiannya secara berlebihan dan jangan sampai terkena mata.
Dosis umum adalah mengaplikasikan secukupnya pada kulit kepala basah, lalu pijat perlahan dan diamkan beberapa menit sebelum dibilas. Efek samping yang bisa muncul antara lain iritasi ringan atau kulit kepala terasa lebih kering. Shampoo ini tidak disarankan untuk ibu hamil dan menyusui tanpa konsultasi dokter.
Head & Shoulders
Harga mulai dari Rp52.400
Beli Head & Shoulders di Aloshop
Beli di Aloshop
Head & Shoulders mengandung pyrithione zinc yang bekerja aktif melawan jamur dan bakteri penyebab ketombe. Selain itu, kandungan ini bisa membantu mengendalikan iritasi dan menjaga kelembapan kulit kepala, sehingga cocok untuk meredakan gatal yang disebabkan oleh ketombe ringan.
Produk berbentuk cair ini dapat digunakan setiap hari dan tersedia bebas tanpa resep di banyak toko. Gunakan Head & Shoulders sesuai petunjuk pada kemasan: aplikasikan pada rambut dan kulit kepala basah, pijat lembut, lalu bilas hingga bersih. Hentikan pemakaian jika muncul iritasi.
Dosis pemakaian umumnya 1 kali sehari. Efek samping ringan yang mungkin terjadi seperti kulit kepala terasa perih atau sedikit kering. Shampoo ini relatif aman digunakan oleh ibu hamil dan menyusui, namun jika ragu, konsultasikan terlebih dahulu dengan tenaga kesehatan.
Erhair Scalperfect
Harga mulai dari Rp55.000
Erhair Scalperfect mengandung climbazole, piroctone olamine, dan provitamin B5, yang berfungsi sebagai antijamur dan membantu menutrisi kulit kepala. Kandungan ini mampu mengatasi gatal akibat infeksi jamur pada kulit kepala serta menjaga kesehatan kulit kepala secara menyeluruh.
Shampoo ini hadir dalam bentuk cair, cocok untuk kulit berminyak maupun sensitif. Gunakan Erhair Scalperfect sesuai petunjuk pada kemasan, oleskan pada kulit kepala yang basah, pijat ringan, lalu bilas hingga bersih. Jangan gunakan pada kulit kepala yang sedang luka atau sangat iritasi.
Dosis anjuran adalah 2–3 kali seminggu. Efek samping ringan dapat berupa kulit kepala sedikit kering atau kemerahan. Shampoo ini aman untuk penggunaan jangka panjang, namun ibu hamil dan menyusui sebaiknya berkonsultasi dulu sebelum mulai memakai.
TRESemmé Scalp Care Shampoo
Harga mulai dari Rp55.000
Beli TRESemmé Scalp Care Shampoo di Aloshop
Beli di Aloshop
TRESemmé Scalp Care Shampoo diperkaya tea tree oil dan zinc mineral yang berperan sebagai antibakteri dan antijamur alami. Kombinasi ini dapat menenangkan kulit kepala gatal, meredakan iritasi, dan memberikan sensasi segar setelah keramas.
Produk ini berbentuk cair dan bisa digunakan sehari-hari tanpa resep dokter. Gunakan sesuai petunjuk pada kemasan, pijat lembut pada kulit kepala dan rambut yang basah, lalu bilas. Jika terjadi alergi, segera hentikan pemakaian.
Dosis penggunaannya cukup 1–2 kali sehari. Efek samping ringan misalnya iritasi ringan atau sensasi kulit kepala menjadi kesat. Shampoo ini relatif aman untuk ibu hamil dan menyusui, tetapi konsultasi tetap dianjurkan jika digunakan rutin.
Dove Anti Ketombe
Harga mulai dari Rp38.700
Beli Dove Anti Ketombe di Aloshop
Beli di Aloshop
Dove Anti Ketombe mengandung zinc pyrithione yang efektif melawan jamur penyebab ketombe dan meringankan gatal. Selain itu, formula Dove membantu menjaga rambut tetap lembut dan sehat, sehingga rambut tidak mudah kusut setelah keramas.
Produk tersedia dalam bentuk cair yang praktis digunakan sehari-hari. Gunakan Dove Anti Ketombe sesuai petunjuk pada kemasan, tuangkan secukupnya dan pijat pada kulit kepala, lalu bilas hingga bersih. Jangan digunakan pada kulit kepala yang terluka.
Dosis yang disarankan adalah 1 kali sehari. Efek samping ringan yang mungkin timbul antara lain kulit kepala jadi sedikit kering atau muncul rasa gatal sementara. Shampoo ini aman digunakan oleh ibu hamil dan menyusui, namun tetap konsultasikan jika muncul keluhan baru.
Natur Shampoo Tea Tree Oil 
Harga mulai dari Rp49.000
Beli Natur Shampoo Tea Tree Oil di Aloshop
Beli di Aloshop
Natur Shampoo Tea Tree Oil mengandung bahan aktif utama berupa tea tree oil yang dikenal memiliki sifat antibakteri dan antijamur. Tea tree oil bekerja membersihkan kulit kepala dari kotoran dan minyak berlebih, sekaligus membantu menyejukkan kulit kepala yang terasa gatal atau iritasi ringan.
Produk ini tersedia dalam bentuk sampo cair, dan merupakan produk yang bisa dibeli tanpa resep dokter. Gunakan Natur Shampoo Tea Tree Oil sesuai petunjuk pada kemasan, yaitu dengan cara membasahi rambut terlebih dahulu, kemudian aplikasikan sampo merata hingga berbusa, dan bilas hingga bersih. Untuk hasil optimal, gunakan secara teratur 2–3 kali seminggu. Hindari kontak langsung dengan mata, dan hentikan pemakaian jika muncul iritasi.
Natur Shampoo Tea Tree Oil tersedia dalam varian 140 mL. Sebagian besar pengguna melaporkan reaksi ringan seperti kulit kepala yang terasa sedikit kering pada awal penggunaan. Produk ini umumnya aman digunakan oleh orang dewasa dan remaja, namun sebaiknya dihindari oleh ibu hamil atau menyusui kecuali atas anjuran dokter.
Herbal Essences Shampoo Bio Renew White Grapefruit & Mint
Harga mulai dari Rp136.400
Beli Herbal Essences Shampoo Bio Renew White Grapefruit & Mint 400 ml di Aloshop 
Beli di Aloshop
Produk ini adalah shampoo untuk kulit kepala gatal dengan ekstrak grapefruit putih dan daun mint, yang membantu mengurangi ketombe ringan, membersihkan kulit kepala, serta memberikan sensasi segar untuk menenangkan rasa gatal.
Shampoo untuk kulit kepala gatal ini berbentuk cair dan termasuk produk OTC, sehingga bisa dibeli tanpa resep dokter. Gunakan sesuai petunjuk pada kemasan, pijat lembut di kulit kepala, dan bilas hingga bersih; hindari pemakaian pada anak di bawah tiga tahun serta hentikan jika terjadi iritasi.
Dosis shampoo untuk kulit kepala gatal ini adalah 400 ml per botol. Umumnya aman untuk ibu hamil dan menyusui, namun sebaiknya lakukan uji coba pada sebagian kecil kulit terlebih dahulu untuk menghindari risiko alergi.
Moist Diane Extra Volume & Scalp Treatment
Harga mulai dari Rp151.690
Beli Moist Diane Extra Volume & Scalp Treatment 450 ml di Aloshop 
Beli di Aloshop
Moist Diane merupakan shampoo untuk kulit kepala gatal yang mengandung ekstrak akar ginseng serta argan oil. Kandungan ini dapat memperkuat rambut sekaligus meredakan iritasi dan gatal pada kulit kepala yang sensitif.
Shampoo untuk kulit kepala gatal ini tersedia dalam kemasan cair dan bisa dibeli bebas tanpa resep dokter. Gunakan Moist Diane Extra Volume & Scalp Treatment sesuai petunjuk pada kemasan, aplikasikan pada rambut basah, pijat lembut di kulit kepala, lalu bilas hingga bersih. Hindari penggunaan pada kulit kepala yang terdapat luka terbuka atau sedang terinfeksi berat.
Dosis shampoo untuk kulit kepala gatal ini adalah 450 ml per botol. Moist Diane umumnya aman untuk ibu hamil dan menyusui, tetapi bila Anda punya riwayat alergi bahan herbal, sebaiknya konsultasi lebih dulu sebelum pemakaian.
Nabila Sampo Kutu Rambut
Harga mulai dari Rp39.375
Beli Nabila Sampo Kutu Rambut 60 ml di Aloshop
Beli di Aloshop
Sampo ini adalah pilihan shampoo untuk kulit kepala gatal yang diakibatkan infestasi kutu rambut, baik pada anak-anak maupun orang dewasa. Kandungan aktif di dalamnya membantu membasmi kutu dan telur-telurnya secara menyeluruh dari kulit kepala.
Shampoo untuk kulit kepala gatal ini berbentuk cair, dan cukup digunakan sesuai petunjuk pada kemasan selama beberapa hari berturut-turut. Hindari kontak langsung dengan mata dan ulangi pemakaian jika kutu masih ditemukan setelah beberapa hari. Produk ini termasuk OTC, sehingga bisa langsung dibeli di apotik tanpa resep dokter.
Dosis produk adalah 60 ml per botol. Nabila Sampo Kutu Rambut sebagai shampoo untuk kulit kepala gatal sebaiknya tidak digunakan oleh ibu hamil, menyusui, atau bayi di bawah dua tahun tanpa konsultasi ke dokter.
Ketomed 2% Scalp Solution
Harga mulai dari Rp76.088
Beli Ketomed 2% Scalp Solution 60 ml di Aloshop
Beli di Aloshop
Produk ini adalah scalp solution sekaligus shampoo untuk kulit kepala gatal yang mengandung ketoconazole, obat antijamur efektif mengatasi gatal akibat infeksi jamur dan ketombe membandel.
Shampoo untuk kulit kepala gatal ini digunakan dengan mengaplikasikan larutan di kulit kepala yang basah, diamkan beberapa menit, lalu bilas hingga bersih. Jangan gunakan terlalu banyak atau pada kulit kepala yang sedang luka. Ketomed 2% Scalp Solution bisa dibeli bebas (OTC).
Dosis Ketomed 2% Scalp Solution sebagai shampoo untuk kulit kepala gatal adalah 60 ml per botol. Untuk ibu hamil dan menyusui, sebaiknya konsultasikan penggunaan dengan dokter karena kandungan antijamurnya cukup kuat.
Memilih shampoo untuk kulit kepala gatal yang tepat sangat penting agar keluhan bisa teratasi secara optimal. Selalu gunakan shampoo untuk kulit kepala gatal sesuai aturan pakai dan hentikan pemakaian jika muncul iritasi, ruam, atau rambut rontok berlebihan.
Jika gatal tidak juga membaik setelah penggunaan shampoo khusus selama maksimal satu minggu, segera konsultasikan ke dokter. Anda juga bisa berkonsultasi melalui Chat Bersama Dokter untuk mendapatkan saran medis yang tepat. Penanganan yang cepat dan sesuai akan membantu kulit kepala kembali sehat dan nyaman."
6 Khasiat Daun Kumis Kucing dan Cara Aman Mengonsumsinya,HIDUP SEHAT,https://www.alodokter.com/6-khasiat-daun-kumis-kucing-dan-cara-aman-mengonsumsinya,Terakhir diperbarui: 11 September 2025,"Khasiat daun kumis kucing sudah lama dikenal dalam pengobatan tradisional Indonesia, terutama untuk mendukung kesehatan...","Khasiat daun kumis kucing sudah lama dikenal dalam pengobatan tradisional Indonesia, terutama untuk mendukung kesehatan ginjal dan saluran kemih. Pasalnya, tanaman herbal ini mudah ditemukan dan dipercaya memiliki berbagai manfaat. Namun, penting untuk memahami fakta medis serta cara konsumsi yang aman sebelum menjadikannya bagian dari perawatan harian.
Daun kumis kucing (Orthosiphon stamineus) sudah lama dikenal sebagai herbal populer di Indonesia. Tanaman herbal ini mengandung senyawa aktif, seperti flavonoid, saponin, dan kalium, yang berperan dalam memberikan manfaat kesehatan.
Salah satu khasiat daun kumis kucing yang paling dikenal adalah memiliki efek diuretik, sehingga sering digunakan untuk membantu mengatasi gangguan ginjal dan saluran kemih. Meski begitu, penggunaannya tetap perlu hati-hati, terutama bagi Anda yang sedang menjalani pengobatan medis atau memiliki kondisi kesehatan tertentu.
Berbagai Khasiat Daun Kumis Kucing untuk Kesehatan
Berikut ini adalah beberapa khasiat daun kumis kucing yang bisa Anda dapatkan:
1. Mendukung kesehatan ginjal
Salah satu khasiat daun kumis kucing adalah efek diuretiknya, yaitu membantu meningkatkan jumlah urine yang dikeluarkan tubuh. Dengan produksi urine yang lebih banyak, ginjal lebih efektif membuang limbah dan racun, sekaligus membantu mencegah penumpukan kristal yang bisa membentuk batu ginjal.
2. Mengatasi infeksi saluran kemih (ISK)
Daun kumis kucing juga sering dimanfaatkan untuk meredakan keluhan pada saluran kemih, seperti infeksi atau radang, yang bisa berdampak pada kesehatan ginjal. Efek diuretik dari tanaman ini membuat proses detoksifikasi alami tubuh berjalan lebih lancar, sehingga risiko terjadinya masalah pada ginjal, seperti infeksi saluran kemih, dapat dicegah.
3. Meredakan peradangan
Daun kumis kucing mengandung antioksidan flavonoid yang mampu meredakan peradangan di dalam tubuh. Senyawa-senyawa ini bekerja dengan cara menghambat proses peradangan yang terjadi akibat infeksi, cedera, atau penyakit tertentu, sehingga membantu mengurangi pembengkakan, nyeri, dan rasa tidak nyaman pada jaringan tubuh.
Dengan rutin mengonsumsi daun kumis kucing dalam jumlah wajar, tubuh dapat terlindungi dari kerusakan jaringan akibat reaksi peradangan yang berlebihan.
4. Menjaga kesehatan hati
Beberapa penelitian menunjukkan bahwa ekstrak daun kumis kucing berpotensi membantu melindungi organ hati dari kerusakan akibat paparan racun. Senyawa antioksidan di dalamnya membantu menetralisir radikal bebas yang bisa menyebabkan peradangan atau kerusakan jaringan hati.
Meski khasiat daun kumis kucing ini masih memerlukan penelitian lebih lanjut, tidak sedikit masyarakat yang menggunakan daun kumis kucing sebagai penunjang kesehatan hati. 
Namun, Anda tetap perlu berhati-hati dan konsultasikan dulu ke dokter sebelum menggunakan herbal ini, terutama jika memiliki riwayat gangguan hati atau sedang minum obat tertentu.
5. Menurunkan tekanan darah
Efek diuretik yang terdapat pada daun kumis kucing tidak hanya bermanfaat untuk ginjal, tetapi juga membantu menurunkan tekanan darah. Dengan meningkatkan pengeluaran cairan dan garam dari tubuh melalui urine, volume darah yang dipompa oleh jantung menjadi lebih stabil sehingga tekanan darah bisa turun secara perlahan.
6. Mencegah penyakit akibat radikal bebas
Daun kumis kucing diketahui mengandung sejumlah antioksidan, seperti flavonoid, yang dapat membantu melindungi sel-sel tubuh dari kerusakan akibat paparan radikal bebas. Radikal bebas adalah senyawa berbahaya yang bisa mempercepat penuaan sel dan memicu berbagai penyakit kronis, seperti diabetes dan penyakit jantung.
Dengan konsumsi daun kumis kucing dalam jumlah wajar, tubuh memperoleh perlindungan tambahan terhadap stres oksidatif. Namun, perlu diingat bahwa konsumsi herbal ini sebaiknya tetap diimbangi dengan pola makan sehat dan gaya hidup sehat agar khasiat daun kumis kucing ini bisa dirasakan secara optimal.
Cara Aman Mengonsumsi Daun Kumis Kucing
Daun kumis kucing dapat dikonsumsi sebagai teh herbal. Anda bisa menggunakan daun kumis kucing segar yang telah dicuci bersih, kemudian rebus daun tersebut dalam air selama 10–15 menit. Setelah air rebusan menjadi hangat, saring dan minum sebagai teh.
Konsumsi daun kumis kucing dalam jumlah wajar umumnya aman untuk kebanyakan orang, yaitu sekitar 1–2 cangkir per hari. Hindari pemakaian dalam jangka panjang atau dalam dosis berlebihan tanpa pengawasan dokter, terutama jika Anda memiliki gangguan ginjal berat, sedang hamil, menyusui, atau anak-anak.
Jika Anda ingin mendapatkan khasiat daun kumis kucing tetapi sedang dalam pengobatan untuk mengatasi penyakit tertentu, konsultasikan ke dokter terlebih dahulu. Gunakan fitur Chat Bersama Dokter di aplikasi ALODOKTER agar lebih mudah dan cepat memperoleh informasi aman seputar pemanfaatan herbal yang sesuai kebutuhan medis Anda."
5 Manfaat Keladi Tikus dan Tips Aman Mengonsumsinya,HIDUP SEHAT,https://www.alodokter.com/5-manfaat-keladi-tikus-dan-tips-aman-mengonsumsinya,Terakhir diperbarui: 11 September 2025,Manfaat keladi tikus semakin banyak dibicarakan karena tanaman herbal ini dipercaya bisa membantu mencegah berbagai...,"Manfaat keladi tikus semakin banyak dibicarakan karena tanaman herbal ini dipercaya bisa membantu mencegah berbagai penyakit. Meski demikian, tidak semua khasiatnya sudah terbukti secara ilmiah. Oleh karena itu, penting memahami fakta, potensi, dan batasan penggunaannya agar tetap aman dan terhindar dari risiko.
Tanaman keladi tikus (Typhonium flagelliforme) merupakan tanaman asli Asia Tenggara yang telah lama digunakan dalam pengobatan tradisional. Tanaman ini memiliki umbi kecil berbentuk mirip ekor tikus, sehingga disebut “keladi tikus”.
Keladi tikus diketahui mengandung beragam senyawa aktif, seperti polifenol, flavonoid, dan saponin, yang dipercaya memiliki manfaat untuk kesehatan tubuh. Namun, manfaat keladi tikus sebagai obat herbal masih menimbulkan pro dan kontra di masyarakat karena sebagian khasiatnya belum didukung bukti ilmiah yang kuat.
Berbagai Manfaat Keladi Tikus untuk Kesehatan
Berikut ini adalah beberapa manfaat keladi tikus yang bisa Anda dapatkan:
1. Meningkatkan imunitas tubuh
Kandungan senyawa bioaktif, seperti flavonoid dan saponin, di dalam keladi tikus dipercaya dapat merangsang kerja sel-sel imun, sehingga tubuh lebih siap melawan infeksi dan penyakit. Senyawa ini juga berperan sebagai antioksidan yang membantu melindungi sel-sel tubuh dari kerusakan akibat radikal bebas.
Namun, manfaat keladi tikus untuk meningkatkan imunitas pada manusia masih perlu diteliti lebih lanjut. Hingga saat ini, sebagian besar penelitian tentang efek peningkatan imunitas masih terbatas pada uji laboratorium atau hewan percobaan. 
Oleh karena itu, konsumsi keladi tikus sebaiknya tidak dijadikan sebagai satu-satunya cara menjaga imunitas dan tetap harus dikombinasikan dengan pola hidup sehat.
2. Meredakan peradangan
Manfaat keladi tikus lainnya yang cukup dikenal lainnya adalah membantu meredakan peradangan di dalam tubuh. Beberapa penelitian menunjukkan bahwa senyawa aktif dalam keladi tikus, seperti flavonoid, memiliki efek antiinflamasi yang dapat menghambat proses peradangan akibat infeksi atau cedera.
Meski demikian, manfaat keladi tikus sebagai antiinflamasi pada manusia masih membutuhkan penelitian lebih lanjut. Bukti yang ada saat ini sebagian besar berasal dari uji laboratorium atau hewan percobaan.
Namun, penggunaan keladi tikus untuk mengatasi peradangan sebaiknya tetap dilakukan dengan hati-hati dan tidak menggantikan pengobatan medis yang direkomendasikan dokter.
3. Meningkatkan kesehatan hati
Beberapa penelitian menemukan bahwa ekstrak keladi tikus memiliki potensi untuk melindungi sel-sel hati dari kerusakan akibat paparan racun atau infeksi tertentu. Senyawa aktif di dalamnya diduga membantu mengurangi peradangan dan mencegah kerusakan lebih lanjut pada organ hati.
Meski hasil penelitian awal ini menjanjikan, manfaat keladi tikus dalam menjaga kesehatan hati pada manusia masih memerlukan bukti klinis yang lebih kuat. 
Penggunaan keladi tikus sebagai pendukung fungsi hati sebaiknya tidak dilakukan tanpa anjuran dokter, terutama bagi Anda yang memiliki masalah kesehatan serius atau sedang menjalani pengobatan tertentu.
4. Mencegah penyakit akibat radikal bebas
Tanaman keladi tikus mengandung berbagai senyawa antioksidan, seperti flavonoid dan polifenol, yang dapat membantu menetralisir radikal bebas yang merusak sel-sel tubuh. Jika dibiarkan, kerusakan akibat radikal bebas bisa memicu terjadinya berbagai penyakit kronis, seperti diabetes, penyakit jantung, hingga kanker.
Meskipun kandungan antioksidan dalam keladi tikus terbukti dapat melawan radikal bebas pada uji laboratorium, efektivitasnya dalam mencegah penyakit pada manusia masih belum sepenuhnya dibuktikan melalui penelitian klinis.
Konsumsilah makanan sehat, seperti buah dan sayur, serta terapkan gaya hidup sehat untuk perlindungan yang lebih optimal.
5. Mencegah kanker
Salah satu manfaat keladi tikus yang paling sering disorot adalah potensinya dalam membantu mencegah kanker. Sejumlah penelitian menunjukkan bahwa ekstrak keladi tikus dapat menghambat pertumbuhan sel kanker, terutama pada beberapa organ seperti paru-paru, hati, dan payudara. 
Namun, penting untuk diketahui bahwa manfaat keladi tikus dalam mencegah atau mengobati kanker sebagian besar masih berdasarkan hasil uji laboratorium dan penelitian pada hewan. Sampai saat ini, belum ada bukti klinis yang cukup kuat pada manusia untuk memastikan efektivitasnya.
Sebaiknya konsultasikan dengan dokter terlebih dahulu sebelum menggunakan produk herbal apa pun untuk tujuan pencegahan atau terapi kanker.
Tips Aman Sebelum Mengonsumsi Keladi Tikus
Agar manfaat keladi tikus dapat dirasakan dengan aman dan optimal, berikut beberapa tips yang perlu Anda perhatikan sebelum mengonsumsinya:
Pilih produk keladi tikus yang sudah terdaftar di BPOM untuk memastikan keamanan dan kualitasnya.
Konsumsi keladi tikus sesuai petunjuk pada kemasan atau sesuai anjuran dokter.
Jangan menggunakan keladi tikus secara berlebihan, karena dosis aman dan jangka panjangnya belum diketahui secara pasti.
Hindari konsumsi keladi tikus jika Anda sedang hamil, menyusui, memiliki penyakit kronis, atau sedang mengonsumsi obat tertentu tanpa berkonsultasi dengan dokter.
Simpan produk keladi tikus di tempat yang sejuk dan terhindar dari sinar matahari langsung agar kualitasnya tetap terjaga.
Jika muncul efek samping seperti mual, muntah, diare, atau reaksi alergi setelah mengonsumsi keladi tikus, segera hentikan pemakaian dan konsultasikan ke dokter.
Tanaman keladi tikus memang menyimpan beragam manfaat yang baik untuk kesehatan. Akan tetapi, efektivitas dan tingkat keamanan tanaman herbal ini sebagai suplemen atau obat masih perlu diteliti lebih lanjut.
Oleh karena itu, jika Anda ingin mendapatkan manfaat keladi tikus, jangan ragu untuk berkonsultasi ke dokter terlebih dahulu melalui Chat Bersama Dokter di aplikasi ALODOKTER. Apalagi jika Anda memiliki kondisi medis tertentu atau sedang mengonsumsi obat-obatan tertentu."
"Sadfishing, Fenomena Curhat Berlebihan di Media Sosial",KESEHATAN,https://www.alodokter.com/sadfishing-fenomena-curhat-berlebihan-di-media-sosial,Terakhir diperbarui: 11 September 2025,Sadfishing adalah kebiasaan membagikan kisah kesedihan atau masalah pribadi secara berlebihan demi mendapatkan perhatian atau...,"Sadfishing adalah kebiasaan membagikan kisah kesedihan atau masalah pribadi secara berlebihan demi mendapatkan perhatian atau simpati dari orang lain. Bukan sekadar mencari dukungan, fenomena ini perlu diwaspadai karena bisa memengaruhi kesehatan mental, baik bagi pelaku maupun orang di sekitarnya.
Di era digital saat ini, media sosial menjadi sarana utama untuk berbagi cerita dan mengekspresikan perasaan. Tidak jarang, unggahan bernada sedih menjadi viral karena menyentuh hati banyak orang.
Namun, sadfishing juga membawa risiko tersendiri yang bisa menimbulkan ketidaknyamanan, kecemasan, bahkan masalah baru jika tidak disikapi dengan bijak. Penting bagi kita untuk mengenali ciri, dampak, serta cara menghadapi sadfishing agar tetap menjaga kesehatan mental pribadi dan orang di lingkungan sekitar.
Sadfishing dan Ciri-Cirinya
Agar lebih mudah mengenali sadfishing dan membedakannya dari curhatan biasa, berikut ini adalah beberapa ciri-cirinya yang perlu diketahui:
1. Curhat berlebihan di media sosial
Orang yang melakukan sadfishing biasanya sering sekali mengunggah status, cerita, atau foto yang berisi tentang kesedihan, masalah pribadi, atau perasaan gagal.
Unggahan tersebut tidak hanya dilakukan satu atau dua kali, tetapi bisa sangat sering, bahkan hampir setiap hari. Misalnya, seseorang selalu menulis status seperti, “Kenapa hidupku selalu begini?” atau “Rasanya sudah tidak kuat lagi,” tanpa memberikan latar belakang masalahnya.
2. Tujuan utama untuk mencari simpati
Unggahan sadfishing biasanya dibuat dengan harapan mendapatkan perhatian, dukungan, atau belas kasihan dari orang lain. Tanda-tandanya, kalimat atau foto yang dibagikan dibuat sekadar untuk menarik komentar atau reaksi “kasihan” atau “semangat ya”.
Contoh, seseorang menuliskan, “Tidak ada satu pun yang peduli sama aku,” atau mengunggah foto menangis tanpa penjelasan, sehingga mengundang teman-teman untuk bertanya atau menghibur.
3. Sering bercerita tanpa detail yang jelas
Pada sadfishing, pelaku jarang membagikan langkah apa yang sudah atau akan dilakukan untuk mengatasi masalahnya. Mereka cenderung hanya berbagi tentang kesedihan atau peristiwa buruk, lalu berhenti di situ saja.
Sebagai contoh, seseorang berulang kali menulis tentang rasa stres karena tugas sekolah yang menumpuk, tetapi tidak pernah bercerita soal cara mencari bantuan, bertanya ke guru, atau mencoba menyelesaikannya.
4. Membuat teman lelah secara emosi
Jika terlalu sering membaca curhatan penuh kesedihan atau drama, teman atau pengikut online bisa merasa bingung, lelah, atau bahkan takut salah bersikap. Lama-kelamaan, mereka mungkin enggan menanggapi atau justru jadi menjaga jarak.
Misalnya, seorang teman yang selalu dimintai solusi atau hiburan atas masalah yang sama secara berulang kali bisa merasa stres dan kehabisan energi untuk membantu.
5. Tidak selalu mencerminkan masalah nyata
Walaupun sadfishing terkadang dilakukan karena masalah serius, ada juga yang melakukannya hanya untuk menarik perhatian, tanpa benar-benar mengalami kendala sebesar yang diceritakan.
Misalnya, seseorang “melaporkan” putus cinta secara dramatis dan berulang kali, padahal hubungan mereka hanya sebatas chatting singkat. Namun, sadfishing juga bisa menutupi masalah mental yang lebih dalam, seperti depresi atau kecemasan, yang justru butuh bantuan nyata.
Cara Merespons Sadfishing dengan Bijak
Jika Anda atau orang terdekat mulai menunjukkan tanda-tanda sadfishing, berikut ini adalah langkah-langkah sehat yang bisa dilakukan:
Beri perhatian secukupnya dan arahkan agar berbicara secara pribadi, jika memang membutuhkan bantuan nyata.
Jangan langsung menghakimi. Tanyakan bernada lembut apa yang sebenarnya sedang dirasakan.
Ajak untuk konsultasi dengan seorang konselor atau psikolog, jika curhatan terasa serius.
Batasi waktu bermain media sosial untuk mencegah stres dan tekanan dari lingkungan online.
Edukasi tentang cara curhat yang sehat. Ajarkan pentingnya memilih waktu dan orang yang tepat untuk berbagi masalah agar mendapat dukungan yang benar-benar bermanfaat.
Ketika curhatan dianggap hanya mencari perhatian, pelaku sadfishing bisa merasa kecewa, bahkan stres dan depresi. Unggahan sadfishing juga berisiko mengundang ejekan, komentar negatif, hingga perundungan digital (cyberbullying).
Bagi remaja yang sudah mengalami depresi atau kecemasan, sadfishing justru bisa memperparah kondisi karena kurangnya dukungan nyata. Hubungan dengan teman juga bisa terganggu sehingga berujung pada rasa kesepian.
Intinya adalah memberikan dukungan secukupnya dan menjaga batasan untuk melindungi kesehatan mental, baik untuk Anda sendiri maupun orang lain. Pasalnya, sadfishing terkadang bukan hanya perilaku mencari simpati, tetapi bisa menjadi sinyal adanya masalah yang lebih dalam. 
Jika Anda atau orang di sekitar menunjukkan tanda kesulitan beraktivitas, kehilangan minat, depresi berat, atau pikiran menyakiti diri sendiri setelah melakukan sadfishing, penting untuk segera mengajak konsultasi ke psikolog, konselor, atau dokter. Konsultasi profesional dapat dilakukan secara online melalui fitur Chat Bersama Dokter."
"7 Efek Samping CTM, Waspadai Gejala Ini Saat Minum Obat Alergi",KESEHATAN,https://www.alodokter.com/7-efek-samping-ctm-waspadai-gejala-ini-saat-minum-obat-alergi,Terakhir diperbarui: 11 September 2025,"Efek samping CTM bisa timbul meski obat ini banyak digunakan untuk mengatasi gejala alergi, seperti...","Efek samping CTM bisa timbul meski obat ini banyak digunakan untuk mengatasi gejala alergi, seperti pilek, bersin, atau gatal-gatal. Oleh karena itu, konsumsi obat ini harus diperhatikan, terutama jika digunakan dalam jangka panjang atau pada kelompok tertentu, misalnya anak-anak, ibu hamil, dan lansia.
Sebagai antihistamin generasi pertama, CTM (chlorpheniramine maleate) sering menjadi pilihan awal untuk meredakan gejala alergi. Namun, banyak orang yang belum tahu bahwa CTM lebih mudah menyebabkan efek samping dibandingkan antihistamin generasi berikutnya.
Penggunaan CTM tidak disarankan untuk jangka panjang karena risiko efek samping yang lebih besar, terutama pada kelompok usia tertentu atau penderita kondisi medis tertentu. Efek samping CTM juga dapat diperparah bila dikonsumsi bersamaan dengan obat atau zat lain, seperti alkohol atau obat penenang.
Efek Samping CTM yang Umum Terjadi
Berikut ini adalah beberapa efek samping CTM yang paling sering dialami pengguna, mulai dari yang ringan hingga berat:
1. Rasa kantuk dan lelah berlebihan
CTM dapat menyebabkan rasa kantuk yang signifikan. Setelah minum obat ini, penggunanya cenderung merasa ingin tidur atau kesulitan berkonsentrasi. Efek kantuk seringkali muncul dalam kurun waktu 30 menit hingga 2 jam setelah konsumsi dan bisa bertahan selama beberapa jam.
Selain mengantuk, pengguna juga bisa merasa tubuhnya lemas atau tidak berenergi. Oleh karena iitu, sebaiknya hindari menyetir kendaraan atau menggunakan alat berat setelah mengonsumsi CTM, agar tidak membahayakan diri sendiri maupun orang lain.
2. Mulut, tenggorokan, atau hidung kering
Mulut dan hidung terasa kering serta tenggorokan gatal juga termasuk efek samping CTM. Jika CTM dikonsumsi secara terus-menerus, kondisi ini bisa menyebabkan bau mulut, bibir pecah-pecah, bahkan sariawan. Pada beberapa orang, efek kering juga bisa membuat suara menjadi serak.
3. Gangguan pencernaan
Beberapa orang yang menggunakan CTM juga umumnya mengalami mual, ingin muntah, perut terasa perih, atau bahkan sembelit. Pada anak-anak, CTM bisa menyebabkan berkurangnya nafsu makan.
Efek samping CTM ini biasanya akan terasa 1–3 jam setelah minum obat. Untuk mencegah gangguan pencernaan, CTM sebaiknya diminum sesudah makan atau mengikuti anjuran dokter.
4. Pusing dan sakit kepala
Beberapa pengguna CTM mengeluhkan kepala terasa berputar atau berat setelah minum obat ini. Efek samping CTM ini bisa memburuk jika mengonsumsi obat dalam jumlah tinggi atau menggunakan CTM secara rutin dalam waktu lama.
5. Gangguan penglihatan
CTM dapat membuat pandangan menjadi buram, kabur, atau sulit fokus. Hal ini umumnya dialami setelah dosis pertama atau pada lansia yang memang sudah memiliki masalah mata.
Contohnya, seseorang tiba-tiba melihat huruf pada buku menjadi samar, sulit mengenali wajah, atau harus memicingkan mata agar jelas. Jika gangguan penglihatan ini terjadi mendadak atau berlangsung lama, segera konsultasikan ke dokter.
6. Gangguan buang air kecil
Efek samping CTM ini lebih banyak dialami oleh pria, terutama yang memiliki riwayat pembesaran prostat. Gejalanya bisa berupa sulit mengeluarkan urine, nyeri saat buang air kecil, atau urine yang keluar hanya sedikit-sedikit.
Jika terjadi penumpukan urine atau rasa penuh yang tidak hilang, ini memerlukan pertolongan medis lebih lanjut karena bisa menyebabkan infeksi saluran kemih.
7. Reaksi alergi obat
Meski jarang, CTM dapat menyebabkan reaksi alergi sebagai efek samping. Gejalanya meliputi kulit gatal-gatal, muncul ruam merah, biduran, pembengkakan pada wajah, bibir, atau tenggorokan, bahkan sesak napas. Jika muncul tanda-tanda ini, hentikan konsumsi CTM dan segera cari pertolongan medis.
Penting untuk diketahui bahwa tidak semua orang aman menggunakan CTM. Anak-anak, lansia, ibu hamil, dan ibu menyusui berisiko tinggi mengalami efek samping CTM yang lebih berat, bila mengonsumsi obat ini tanpa pengawasan dari dokter.
Selain itu, konsumsi CTM juga dapat memperparah kondisi tertentu, seperti glaukoma, asma, pembesaran prostat, gangguan ginjal, atau gangguan hati. Hindari juga penggunaan CTM bersamaan dengan antihistamin lain atau minuman beralkohol.
Meskipun CTM cukup efektif untuk meredakan alergi, obat ini sebaiknya tidak digunakan secara rutin tanpa pengawasan dokter. Perhatikan tanda-tanda reaksi alergi atau efek samping berat, seperti sesak napas, kejang, atau gangguan kesadaran.
Jika mengalami efek samping CTM yang tidak membaik, manfaatkan fitur Chat Bersama Dokter di aplikasi ALODOKTER untuk mendapatkan saran cepat. Namun, jika muncul gejala serius atau reaksi alergi berat, segera periksakan ke dokter agar penanganan diberikan secepatnya."
"Pantangan Minum Daun Binahong, Ini yang Perlu Diketahui",HIDUP SEHAT,https://www.alodokter.com/pantangan-minum-daun-binahong-ini-yang-perlu-diketahui,Terakhir diperbarui: 11 September 2025,"Pantangan minum daun binahong perlu diketahui sebelum Anda mengonsumsinya sebagai obat herbal. Meski bermanfaat, daun...","Pantangan minum daun binahong perlu diketahui sebelum Anda mengonsumsinya sebagai obat herbal. Meski bermanfaat, daun binahong tidak selalu aman untuk semua orang, terutama jika memiliki kondisi medis tertentu. Memahami pantangan ini dapat mencegah efek samping dan risiko interaksi obat.
Tanaman binahong cukup populer di Indonesia sebagai bahan ramuan tradisional, seperti rebusan, teh, ataupun kapsul suplemen. Banyak orang percaya daun binahong memiliki khasiat untuk mempercepat penyembuhan luka, meningkatkan daya tahan tubuh, sampai membantu menurunkan tekanan darah.
Namun, pantangan minum daun binahong belum banyak dipahami oleh masyarakat. Padahal, ada beberapa kondisi yang membuat konsumsi daun binahong tidak disarankan atau hanya boleh dilakukan dengan pengawasan dokter.
Inilah Pantangan Minum Daun Binahong
Ada beberapa kelompok yang sebaiknya berhati-hati atau menghindari pantangan minum daun binahong, karena dapat meningkatkan risiko terjadinya efek samping atau interaksi obat. Berikut ini adalah beberapa pantangan minum daun binahong:
1. Minum saat perut kosong
Minum daun binahong saat perut kosong bisa menyebabkan iritasi lambung, seperti mual atau nyeri ulu hati. Sebaiknya, konsumsi setelah makan ya untuk mengurangi risiko tersebut.
2. Mengonsumsi dalam jumlah berlebihan
Konsumsi daun binahong secara berlebihan dapat memicu gangguan pencernaan, diare, atau menambah beban kerja hati dan ginjal. Jadi, salah satu pantangan minum daun binahong yang harus dihindari adalah mengonsumsinya tanpa takaran yang jelas.
3. Mengonsumsi bersamaan dengan kopi atau teh
Kafein dalam kopi atau teh bisa mengganggu penyerapan zat aktif daun binahong. Selain itu, minuman berkafein juga bisa meningkatkan risiko terjadinya efek samping daun binahong, seperti jantung berdebar atau sulit tidur.
4. Memiliki penyakit ginjal atau hati
Penderita gangguan ginjal atau hati sebaiknya tidak mengonsumsi daun binahong tanpa pengawasan dokter. Pasalnya, daun binahong bisa memperberat fungsi kedua organ tersebut dan memicu komplikasi.
5. Ibu hamil dan menyusui
Keamanan daun binahong untuk ibu hamil dan menyusui belum terbukti secara ilmiah, sehingga sebaiknya dihindari, kecuali atas anjuran dokter. Pantangan minum daun binahong ini penting untuk diperhatikan agar tidak menimbulkan efek samping yang membahayakan ibu dan bayi.
6. Mengonsumsi obat pengencer darah
Daun binahong berpotensi memiliki efek pengencer darah. Jadi, apabila dikonsumsi bersamaan dengan obat medis yang punya efek sejenis, daun binahong dikhawatirkan bisa meningkatkan risiko perdarahan.
7. Alergi terhadap tanaman tertentu
Jika memiliki riwayat alergi terhadap tanaman herbal, sebaiknya hindari daun binahong. Hal ini penting diperhatikan untuk mencegah reaksi alergi, seperti ruam, bengkak, atau sesak napas.
8. Anak-anak dan lansia
Belum ada penelitian yang cukup tentang keamanan dan dosis daun binahong untuk anak-anak ataupun lansia. Oleh karena itu, kelompok ini sebaiknya hanya mengonsumsi daun binahong jika direkomendasikan atau di bawah pengawasan dokter.
Efek Samping dan Interaksi Obat Daun Binahong
Walaupun jarang terjadi, konsumsi daun binahong tetap bisa menimbulkan efek samping, khususnya jika diminum tanpa takaran atau dalam jangka waktu lama. Inilah beberapa potensi efek samping dari minum daun binahong:
Mual, perut kembung, atau diare, jika dikonsumsi berlebihan
Meningkatkan risiko terjadinya perdarahan, terutama bila dikonsumsi bersama obat yang punya efek serupa
Interaksi obat dengan obat resep dokter, misalnya obat diabetes, hipertensi, atau obat liver, yang bisa mengubah efektivitas obat atau meningkatkan risiko efek samping
Sampai saat ini, pantangan minum daun binahong harus diperhatikan, karena belum ada panduan resmi mengenai dosis aman dari tanaman herbal ini. Oleh karena itu, selalu konsultasikan dengan dokter apabila ingin mengonsumsi daun binahong sebagai pengobatan untuk penyakit tertentu. 
Menggunakan daun binahong sebagai obat herbal harus hati-hati dan perhatikan dosis, kemungkinan alergi, serta kondisi medis yang sedang dialami. Jangan hanya mengikuti klaim manfaat tanpa memperhitungkan risiko yang mungkin terjadi ya. 
Jika Anda mengalami gejala baru atau keluhan yang memburuk setelah mengonsumsi daun binahong, misalnya mual berat, muntah, perdarahan, sesak napas, atau gejala alergi, segera hentikan konsumsinya dan cari pertolongan medis. 
Selain memahami pantangan minum daun binahong, perlu diingat juga bahwa konsumsi tanaman herbal ini tidak boleh menggantikan pengobatan medis dari dokter. Jika Anda ragu atau punya riwayat penyakit tertentu, jangan ragu untuk Chat Bersama Dokter melalui aplikasi ALODOKTER untuk mendapatkan jawaban yang tepat seputar keamanan konsumsi daun binahong."
Pantangan Minum Bawang Dayak yang Tidak Boleh Diabaikan,HIDUP SEHAT,https://www.alodokter.com/pantangan-minum-bawang-dayak-yang-tidak-boleh-diabaikan,Terakhir diperbarui: 10 September 2025,Pantangan minum bawang dayak perlu diketahui agar manfaatnya tidak menjadi masalah kesehatan. Meski bawang dayak...,"Pantangan minum bawang dayak perlu diketahui agar manfaatnya tidak menjadi masalah kesehatan. Meski bawang dayak bisa diminum untuk menjaga kesehatan tubuh, konsumsi yang tidak tepat bisa menimbulkan efek samping. Nah, dengan mengetahui pantangannya, manfaat bawang dayak bisa diperoleh maksimal.
Bawang dayak merupakan tanaman herbal yang mengandung berbagai senyawa aktif, seperti flavonoid, saponin, dan tanin. Senyawa ini bisa menjadi antioksidan serta antiradang yang bermanfaat bagi kesehatan, terutama untuk menjaga stamina tubuh. 
Karena efeknya terhadap tubuh bisa cukup kuat, penting untuk memahami pantangan minum bawang dayak. Apalagi, jika Anda memiliki kondisi medis tertentu atau sedang menjalani suatu pengobatan.
Berbagai Pantangan Minum Bawang Dayak
Walaupun bawang dayak dikenal sebagai herbal yang menyehatkan, beberapa kondisi dan waktu tertentu perlu diperhatikan, agar penggunaan tanaman ini tetap aman. Berikut ini adalah pantangan minum bawang dayak yang sebaiknya tidak diabaikan:
1. Dikonsumsi saat perut kosong
Mengonsumsi bawang dayak ketika perut masih kosong bisa memicu iritasi pada lambung. Senyawa aktif di dalam bawang dayak, seperti saponin dan tanin, bisa meningkatkan produksi asam lambung dan merangsang dinding lambung. 
Akibatnya, konsumsi tanaman ini bisa menyebabkan rasa mual, ketidaknyamanan di perut, hingga nyeri ulu hati. Apabila sudah memiliki riwayat maag atau gangguan pencernaan, keluhan tersebut akan lebih mudah terjadi setelah minum bawang dayak. 
2. Dikonsumsi berlebihan dalam satu hari
Perlu diketahui, belum ada standar dosis pasti tentang berapa banyak bawang dayak yang aman dikonsumsi setiap hari. Namun, apabila diminum secara berlebihan, kandungan aktif herbal ini bisa memicu efek samping, seperti diare, sakit perut, hingga reaksi alergi pada sebagian orang. 
Dosis tinggi juga berpotensi membebani kerja ginjal dan hati dalam mengolah zat-zat kimia yang masuk ke tubuh. Oleh karena itu, batasi asupan harian sesuai anjuran dokter atau petunjuk produk yang digunakan.
3. Menderita penyakit ginjal atau liver
Orang yang memiliki penyakit ginjal atau liver sebaiknya menghindari minum bawang dayak tanpa pengawasan dokter. Soalnya, organ hati dan ginjal berperan memproses serta membersihkan racun dari dalam tubuh. Jika fungsi organ ini menurun, senyawa kimia dari bawang dayak bisa menumpuk dan memperparah penyakit ginjal atau hati yang sudah ada.
4. Sedang hamil atau menyusui
Pantangan minum bawang dayak juga berlaku untuk ibu hamil dan menyusui. Soalnya, belum ada penelitian yang membuktikan keamanan atau risiko bawang dayak pada masa kehamilan dan menyusui. 
Beberapa kandungan di dalamnya dikhawatirkan bisa memengaruhi perkembangan janin, atau masuk ke dalam ASI dan berdampak pada bayi. Oleh karena itu, sebaiknya konsultasikan dengan dokter apabila ingin mengonsumsi bawang dayak pada masa ini.
5. Sedang menjalani pengobatan medis tertentu
Konsumsi obat resep, seperti obat pengencer darah, obat diabetes, atau antihipertensi, bisa saja menimbulkan interaksi obat jika dibarengi minum bawang dayak. Beberapa herbal diketahui bisa memperkuat atau justru menetralkan efek obat medis sehingga hasil pengobatan bisa kurang efektif atau malah menimbulkan efek samping baru.
6. Riwayat alergi terhadap bahan herbal
Bawang dayak juga perlu diwaspadai jika memiliki riwayat alergi terhadap umbi-umbian atau tanaman herbal lainnya. Reaksi alergi yang bisa muncul karena bawang dayak meliputi gatal, kulit kemerahan, biduran, atau pembengkakan. Pada kasus yang parah, alergi juga bisa menyebabkan sesak napas atau reaksi anafilaksis.
Batasan Aman Konsumsi Bawang Dayak
Agar konsumsi bawang dayak tetap aman, sebaiknya mulailah dengan jumlah sedikit dan amati reaksi tubuh selama beberapa hari. Hindari mengonsumsi bawang dayak bersamaan dengan obat resep tanpa konsultasi dokter, serta patuhi petunjuk pada kemasan produk atau saran tenaga kesehatan.
Perlu diingat juga bahwa belum ada rekomendasi dosis yang pasti dari badan kesehatan nasional maupun internasional terkait penggunaan bawang dayak. Jadi, jangan jadikan herbal ini sebagai pengganti pengobatan utama tanpa persetujuan dokter.
Apabila Anda menderita gangguan kesehatan tertentu, sedang hamil, menyusui, atau  sedang rutin mengonsumsi obat resep, sebaiknya tanyakan keamanan bawang dayak pada dokter sebelum mengonsumsinya. Waspadai munculnya efek samping, seperti diare, nyeri lambung, atau reaksi alergi. 
Berhenti konsumsi dan konsultasi ke dokter jika gejala tidak membaik atau justru makin parah. Bila masih ragu atau ingin tahu lebih lanjut tentang keamanan konsumsi bawang dayak sesuai kondisi Anda, manfaatkan fitur Chat Bersama Dokter di aplikasi Alodokter. Dengan begitu, jawaban cepat, tepat, dan terpercaya dari dokter bisa diperoleh."
"Ikan Barakuda, Ini Kandungan Gizi dan Manfaatnya untuk Kesehatan",KESEHATAN,https://www.alodokter.com/ikan-barakuda-ini-kandungan-gizi-dan-manfaatnya-untuk-kesehatan,Terakhir diperbarui: 11 September 2025,"Ikan barakuda adalah salah satu ikan predator lautan yang kerap ditemukan di pasar ikan, terutama...","Ikan barakuda adalah salah satu ikan predator lautan yang kerap ditemukan di pasar ikan, terutama di daerah pesisir Indonesia. Ikan ini terkenal karena dagingnya yang tebal, teksturnya yang lembut, dan cita rasanya yang khas, sehingga menjadi pilihan banyak orang untuk diolah menjadi berbagai hidangan laut. 
Sebagai salah satu sumber ikan laut yang mudah ditemukan di Indonesia, ikan barakuda menjadi pilihan menarik untuk menambah variasi asupan gizi keluarga. Setiap jenis ikan memiliki komposisi nutrisi yang berbeda-beda, begitu pula dengan ikan barakuda yang menawarkan keunggulan tersendiri.
Kandungan Gizi Ikan Barakuda
Berikut adalah kandungan gizi atau nutrisi yang terdapat dalam ikan barakuda:
Protein
Asam lemak omega-3
Vitamin D
Vitamin B12
Vitamin A
Selenium
Fosfor
Magnesium
Kalium
Zat besi
Natrium
Kalsium
Zinc
Manfaat Ikan Barakuda untuk Kesehatan
Dengan beragam kandungan nutrisi di atas, konsumsi ikan barakuda memiliki beragam manfaat kesehatan, seperti berikut:
1. Membantu membangun dan memperbaiki jaringan otot
Ikan barakuda kaya protein berkualitas tinggi yang sangat dibutuhkan tubuh untuk membentuk dan memperbaiki jaringan otot. Konsumsi ikan ini sangat dianjurkan bagi anak-anak dalam masa pertumbuhan, orang yang baru sembuh dari sakit, hingga Anda yang aktif berolahraga agar otot tetap sehat dan kuat.
2. Mendukung kesehatan jantung
Asam lemak omega-3 dalam ikan barakuda dapat membantu mengontrol kadar kolesterol dan tekanan darah, sehingga menurunkan risiko terkena penyakit jantung, stroke, dan pembuluh darah. Mengonsumsi ikan barakuda secara teratur adalah cara lezat menjaga jantung tetap sehat.
3. Menjaga daya tahan tubuh dan kesehatan tulang
Kombinasi vitamin D, kalsium, dan fosfor dalam ikan barakuda tidak hanya memperkuat tulang dan gigi, tetapi juga membantu tubuh melawan infeksi dan penyakit. Ini sangat penting, terutama bagi lansia dan anak-anak yang membutuhkan perlindungan ekstra dari imunitas alami.
4. Membantu pembentukan sel darah merah
Vitamin B12 dan zat besi dalam ikan barakuda memiliki peran utama dalam proses pembentukan sel darah merah. Cukup asupan kedua nutrisi ini membantu mencegah anemia, membuat tubuh tetap bugar, dan menghindari rasa lemas berlebihan.
5. Menjaga fungsi metabolisme
Magnesium dan zinc dalam ikan barakuda membantu memperlancar proses metabolisme, yaitu mengubah makanan menjadi energi yang dibutuhkan tubuh. Dengan metabolisme yang baik, tubuh dapat berfungsi optimal dalam menjalankan aktivitas sehari-hari.
6. Meningkatkan daya tahan tubuh
Selenium dan zinc pada ikan barakuda juga membantu memperkuat sistem kekebalan tubuh. Asupan kedua mineral ini dapat meningkatkan pertahanan alami tubuh sehingga tidak mudah terserang infeksi atau penyakit.
7. Mendukung pertumbuhan dan perkembangan anak
Ikan barakuda menyumbang ragam vitamin dan mineral penting yang menunjang tumbuh kembang anak, mulai dari pertumbuhan fisik hingga perkembangan otak dan kecerdasan. Konsumsi ikan ini dapat membantu anak tumbuh sehat dan aktif.
8. Menjaga kesehatan saraf
Vitamin B12, magnesium, dan kalium dalam ikan barakuda membantu menjaga kinerja sistem saraf, meningkatkan konsentrasi, memperbaiki suasana hati, serta menurunkan risiko gangguan saraf, seperti kesemutan atau kram otot.
Agar manfaat ikan barakuda bisa Anda dapatkan secara maksimal dan aman, selalu pilih ikan yang berasal dari perairan bersih dan penjual terpercaya. Hindari mengonsumsi bagian kepala, kulit, dan organ dalam karena bagian ini berisiko lebih tinggi mengandung racun laut, seperti ciguatera. 
Jika Anda masih memiliki pertanyaan terkait ikan barakuda, jangan ragu untuk berkonsultasi dengan dokter untuk mendapatkan informasi dan saran medis yang sesuai. Konsultasi bisa dilakukan kapan dan di mana saja melalui fitur Chat Bersama Dokter di aplikasi ALODOKTER."
4 Salep Mata Ikan yang Ampuh dan Efektif,KESEHATAN,https://www.alodokter.com/salep-mata-ikan-yang-ampuh-dan-efektif,Terakhir diperbarui: 9 September 2025,"Salep mata ikan bisa menjadi solusi praktis untuk mengikis benjolan keras di kulit, terutama di...","Salep mata ikan bisa menjadi solusi praktis untuk mengikis benjolan keras di kulit, terutama di telapak kaki. Sebab, apabila dibiarkan, benjolan mata ikan ini bisa membesar hingga mengganggu kenyamanan dan aktivitas sehari-hari.
Mata ikan merupakan penebalan kulit yang terbentuk menjadi benjolan keras. Biasanya, kondisi ini terjadi karena penggunaan sepatu yang sempit, berjalan tanpa alas, serta tekanan pada kaki terus-menerus. Tidak hanya membentuk benjolan, mata ikan juga bisa menimbulkan rasa perih atau nyeri.
Nah, untuk menghilangkannya, salep mata ikan bisa menjadi pilihan. Namun, pemilihan salep mata ikan perlu disesuaikan dengan jenis dan kondisi kulit. Salah memilih produk atau tidak membaca petunjuk malah bisa menimbulkan iritasi, bahkan infeksi pada kulit. 
Pilihan Salep Mata Ikan yang Bisa Digunakan
Salep mata ikan umumnya bekerja dengan cara mengikis atau melunakkan kulit yang menebal. Sebelum menggunakannya, Anda dianjurkan untuk selalu membersihkan area mata ikan terlebih dahulu, memahami petunjuk pemakaian, serta tidak digunakan pada kulit yang luka. Berikut ini adalah beberapa pilihan salep mata ikan:
Salep Kulit 88
Harga mulai dari Rp26.807
Beli Salep Kulit 88 6 gr di Aloshop
Beli di Aloshop
Salep Kulit 88 mengandung asam salisilat yang bekerja mengikis dan melunakkan lapisan kulit tebal akibat mata ikan. Dengan melunakkan kulit, benjolan mata ikan perlahan mengecil dan menghilang.
Produk ini berbentuk salep dan bisa dibeli tanpa resep dokter. Untuk menggunakannya, Anda bisa mengoleskan salep secukupnya pada area yang mengalami mata ikan 1–2 kali sehari, sesuai petunjuk pada kemasan. Jangan dioleskan pada kulit yang luka atau area sensitif.
Efek samping yang bisa timbul umumnya ringan, seperti rasa perih atau iritasi. Meski begitu, salep ini tidak dianjurkan untuk ibu hamil dan menyusui tanpa konsultasi dokter, serta anak di bawah 2 tahun.
Afiat Salep
Harga mulai dari Rp13.073
Beli Afiat Salep 15 gr di Aloshop
Beli di Aloshop
Afiat Salep juga mengandung asam salisilat sebagai bahan utama untuk mengikis dan melunakkan kulit yang menebal. Afiat Salep mudah ditemukan di apotek dan bisa digunakan tanpa resep. Oleskan pada area mata ikan 1–2 kali sehari, sesuai petunjuk kemasan. Jangan digunakan di kulit yang luka atau sangat iritasi.
Efek samping yang bisa muncul antara lain rasa panas atau iritasi ringan. Konsultasikan ke dokter sebelum dipakai ibu hamil, menyusui, atau anak-anak.
Vaseline Repairing Petroleum Jelly
Harga mulai dari Rp76.500
Beli Vaseline Repairing Petroleum Jelly 100 ml di Aloshop
Beli di Aloshop
Vaseline Repairing Petroleum Jelly mengandung petroleum jelly yang bisa melembapkan dan melunakkan kulit keras akibat mata ikan. Meski tidak menghilangkan mata ikan langsung, produk ini bisa mempercepat proses penyembuhan dengan salep lainnya.
Salep ini bisa digunakan sehari-hari dan aman untuk kulit sensitif. Oleskan pada area mata ikan 2–3 kali sehari sesuai kebutuhan. Anda bisa menggunakan salep ini dan mengombinasikannya  dengan salep mata ikan lain.
Efek samping jarang terjadi, biasanya hanya reaksi alergi ringan, seperti ruam kemerahan. Tiap gram mengandung petroleum jelly murni, sehingga aman untuk ibu hamil, menyusui, dan anak-anak, kecuali ada alergi bahan.
Triamcort A Krim
Harga mulai dari Rp149.306
Beli Triamcort A Krim 10 gr di Aloshop
Beli di Aloshop
Triamcort A Krim mengandung triamcinolone acetonide, yaitu obat golongan kortikosteroid yang mengatasi peradangan dan iritasi di sekitar mata ikan. Oleh karena itu, salep ini cocok digunakan mengatasi mata ikan dengan gejala radang atau nyeri.
Namun, krim atau salep ini hanya boleh digunakan sesuai resep dokter ya. Cara menggunakannya biasanya dioles tipis 2 kali sehari pada area kulit sekitar benjolan, bukan langsung di benjolannya. Jangan dipakai di kulit luka terbuka dan hindari pemakaian jangka panjang.
Efek samping bisa berupa gatal atau iritasi ringan. Setiap gram krim mengandung triamcinolone acetonide 0,1%. Tidak dianjurkan untuk ibu hamil, menyusui, dan anak-anak tanpa konsultasi dokter.
Nah, itulah berbagai salep mata ikan yang bisa digunakan apabila terjadi penebalan pada kulit kaki. Selalu baca aturan pakai salep mata ikan sebelum digunakan, serta perhatikan kandungan dan petunjuknya. 
Gunakan secara rutin agar hasilnya maksimal. Bila setelah pemakaian salep mata ikan keluhan tidak membaik, muncul nyeri hebat, atau terjadi infeksi, segera konsultasi ke dokter. Untuk saran yang lebih spesifik atau konsultasi penggunaan salep mata ikan yang paling sesuai, silakan Chat Bersama Dokter di aplikasi Alodokter, agar mendapat panduan sesuai kondisi Anda."
"Ciri Payudara Tanda Hamil, Kenali 7 Perubahannya Sejak Dini",KELUARGA,https://www.alodokter.com/ciri-payudara-tanda-hamil-kenali-7-perubahannya-sejak-dini,Terakhir diperbarui: 11 September 2025,Ciri payudara tanda hamil sering menjadi salah satu tanda awal yang disadari wanita saat tubuh...,"Ciri payudara tanda hamil sering menjadi salah satu tanda awal yang disadari wanita saat tubuh mulai mengalami perubahan. Meski perubahan pada payudara bisa menjadi petunjuk kehamilan, penting untuk mengenali ciri-ciri yang benar agar tidak salah mengartikan sebagai gejala menjelang menstruasi biasa.
Perubahan hormon saat awal kehamilan berperan besar dalam memicu perubahan pada payudara. Hormon-hormon ini membuat jaringan payudara menyesuaikan diri sebagai persiapan menyusui. 
Namun, tidak semua wanita mengalami perubahan yang sama. Mengenali ciri payudara tanda hamil secara umum bisa membantu Anda lebih waspada terhadap kemungkinan kehamilan, terutama bila disertai gejala lain.
Berbagai Ciri Payudara Tanda Hamil
Ciri payudara tanda hamil umumnya mulai terasa sejak awal kehamilan dan sering kali menjadi salah satu perubahan pertama yang disadari. Berikut beberapa ciri payudara tanda hamil yang perlu Anda ketahui:
1. Payudara terasa lebih kencang dan sensitif
Ciri payudara tanda hamil yang paling sering muncul adalah payudara terasa lebih kencang, sensitif, atau bahkan terasa sedikit nyeri. Sensasi ini biasanya mulai terasa sejak minggu pertama hingga kedua setelah pembuahan, akibat perubahan hormon dalam tubuh.
2. Ukuran payudara bertambah
Ciri payudara tanda hamil berikutnya adalah ukuran payudara yang tampak lebih penuh dan membesar. Hal ini terjadi karena peningkatan hormon kehamilan, seperti estrogen dan progesteron, yang mempersiapkan tubuh untuk proses menyusui.
3. Area areola dan puting menggelap
Ciri payudara tanda hamil lainnya adalah perubahan warna pada areola, yaitu area di sekitar puting, yang menjadi lebih gelap dan puting lebih menonjol. Kondisi ini dipicu oleh meningkatnya aliran darah ke jaringan payudara.
4. Pembuluh darah di payudara semakin terlihat
Pada awal kehamilan, ciri payudara tanda hamil dapat berupa pembuluh darah di permukaan payudara yang tampak lebih jelas. Hal ini disebabkan oleh peningkatan aliran darah untuk mendukung pertumbuhan jaringan payudara.
5. Payudara terasa gatal atau kesemutan
Perubahan serta pembesaran jaringan merupakan salah satu ciri payudara tanda hamil yang dapat menimbulkan rasa gatal atau kesemutan di area tersebut, terutama saat payudara bertambah ukurannya dengan cepat.
6. Keluar cairan bening dari puting
Meskipun jarang, sebagian wanita dapat mengalami keluarnya cairan bening atau berwarna putih dari puting payudara di awal kehamilan. Ini merupakan salah satu ciri payudara tanda hamil yang bisa terjadi akibat perubahan hormon dan persiapan tubuh untuk menyusui sejak dini. 
Cairan ini disebut juga kolostrum, yaitu cairan ASI yang pertama kali muncul. Kolostrum kaya nutrisi dan biasanya akan keluar lebih banyak menjelang masa persalinan. Jika cairan yang keluar tidak berwarna bening atau putih, atau disertai darah, sebaiknya segera konsultasikan ke dokter untuk memastikan kondisi payudara tetap sehat.
7. Perubahan tekstur kulit di payudara
Ciri payudara tanda hamil juga dapat berupa perubahan tekstur kulit, seperti kulit terasa lebih kencang, halus, atau tampak urat-urat yang lebih jelas. Hal ini merupakan akibat dari meningkatnya aliran darah dan perubahan pada jaringan payudara.
Memahami ciri payudara tanda hamil memang penting, akan tetapi sebaiknya Anda tidak hanya mengandalkan satu gejala saja sebagai penentu kehamilan ya. Perubahan pada payudara juga dapat disebabkan oleh faktor lain, seperti perubahan hormon menjelang haid, penggunaan pil KB, stres, atau kondisi kesehatan tertentu.
Jika Anda menemukan benjolan baru di payudara, mengalami nyeri yang tidak membaik, atau muncul cairan yang keluar dari puting, sebaiknya segera periksakan diri ke dokter. 
Untuk memastikan kehamilan atau ingin mendapatkan penjelasan lebih lanjut terkait ciri payudara tanda hamil, Anda juga dapat berkonsultasi langsung dengan dokter melalui fitur Chat Bersama Dokter di aplikasi ALODOKTER. Dengan layanan ini, Anda bisa mendapatkan jawaban cepat dan akurat dari tenaga medis profesional."
6 Obat Telinga Tersumbat yang Melegakan dengan Cepat,KESEHATAN,https://www.alodokter.com/obat-telinga-tersumbat-yang-melegakan-dengan-cepat,Terakhir diperbarui: 11 September 2025,"Obat telinga tersumbat adalah solusi praktis saat telinga terasa penuh, tidak nyaman, atau mendengung akibat...","Obat telinga tersumbat adalah solusi praktis saat telinga terasa penuh, tidak nyaman, atau mendengung akibat sumbatan. Kondisi ini bisa dialami siapa saja dan mengganggu aktivitas sehari-hari. Memilih obat telinga yang tepat membantu meredakan gejala lebih cepat sekaligus mencegah komplikasi. 
Telinga tersumbat biasanya disebabkan penumpukan kotoran, infeksi, alergi, atau cairan setelah berenang. Selain itu, faktor lain, seperti perubahan tekanan udara dan infeksi saluran napas juga dapat menjadi penyebab telinga tersumbat.
Pemilihan obat telinga tersumbat yang tepat sangat penting agar masalah cepat teratasi. Obat yang salah atau digunakan sembarangan bisa memperburuk kondisi, apalagi jika ada luka di gendang telinga. 
Pilihan Obat Telinga Tersumbat yang Ampuh di Apotek
Berikut adalah daftar obat telinga yang bisa membantu mengatasi telinga tersumbat. Produk-produk ini umumnya tersedia dalam bentuk tetes atau minyak dan mudah digunakan di rumah. 
Santadex
Harga: mulai dari Rp27.162 per botol
Beli Santadex di Aloshop
Beli di Aloshop
Santadex mengandung dexamethasone dan chloramphenicol. Dexamethasone berfungsi sebagai antiradang, sedangkan chloramphenicol adalah antibiotik untuk membunuh bakteri penyebab infeksi di telinga. Kombinasi ini membantu meredakan keluhan telinga tersumbat, terutama akibat infeksi yang disertai nyeri dan bengkak.
Santadex tersedia dalam bentuk tetes telinga dan hanya bisa digunakan sesuai petunjuk dokter atau aturan pada kemasan. Umumnya, Santadex digunakan 3–4 tetes ke telinga yang sakit sebanyak 2–3 kali sehari. 
Obat ini tidak dianjurkan untuk ibu hamil dan menyusui, serta anak-anak tanpa anjuran dokter. Hindari penggunaannya jika ada luka pada gendang telinga. Efek samping yang dapat timbul antara lain iritasi ringan atau rasa panas di telinga. 
Forumen
Harga: mulai dari Rp44.505 per botol
Beli Forumen di Aloshop
Beli di Aloshop
Forumen mengandung sodium docusate yang bekerja melunakkan kotoran telinga yang mengeras, sehingga lebih mudah untuk dikeluarkan. Obat ini cocok digunakan jika telinga tersumbat oleh serumen yang menumpuk.
Tersedia dalam bentuk tetes telinga dan dapat dibeli tanpa resep dokter. Cara pemakaiannya, cukup teteskan Forumen sesuai aturan kemasan, tunggu beberapa menit, lalu miringkan kepala agar kotoran keluar. Sebaiknya tidak digunakan pada gendang telinga yang pecah atau mengalami infeksi berat.
Efek samping bisa berupa rasa panas sesaat atau perih yang ringan. Dosis Forumen adalah 5 tetes sebanyak 2–3 kali sehari untuk orang dewasa. Tidak dianjurkan untuk digunakan oleh ibu hamil atau menyusui tanpa berkonsultasi dengan tenaga medis.
Otilon
Harga: mulai dari Rp67.975 per botol
Beli Otilon di Aloshop
Beli di Aloshop
Otilon mengandung phenazone dan lidocaine yang berfungsi membantu meredakan nyeri serta mengurangi peradangan di telinga. Obat ini cocok untuk telinga tersumbat yang disertai rasa sakit.
Otilon hadir dalam bentuk tetes telinga dan dapat digunakan tanpa resep dokter. Penggunaannya cukup mudah, Anda hanya perlu meneteskan obat ke telinga sesuai aturan kemasan atau anjuran tenaga medis. Jangan gunakan jika ada luka pada gendang telinga.
Efek samping ringan dapat berupa rasa hangat atau gatal setelah diteteskan. Dosisnya adalah 4–5 tetes, sebanyak 3 kali sehari. Bagi ibu hamil atau menyusui disarankan untuk berkonsultasi dengan dokter sebelum pemakaian.
Forotic
Harga: mulai dari Rp168.840 per botol
Beli Forotic di Aloshop
Beli di Aloshop
Forotic berisi polymyxin B, neomycin sulphate, dan hydrocortisone acetate. Kombinasi ini berfungsi membunuh bakteri penyebab infeksi dan mengurangi peradangan, sehingga cocok untuk telinga tersumbat akibat otitis eksterna.
Forotic tersedia dalam bentuk tetes telinga dan biasanya digunakan sesuai petunjuk dokter. Obat ini memerlukan resep dokter, terutama untuk anak-anak, ibu hamil, atau pasien alergi.
Efek samping Forotic dapat menyebabkan iritasi ringan atau rasa terbakar. Dosisnya adalah 2–3 tetes, sebanyak 3–4 kali sehari. 
Vital Ear Oil
Harga: mulai dari Rp26.550 per botol
Beli Vital Ear Oil di Aloshop
Beli di Aloshop
Vital Ear Oil adalah minyak telinga dengan bahan emolien yang membantu melunakkan kotoran telinga serta mencegah penumpukan serumen (serumen prop). Produk ini cocok digunakan untuk kasus telinga tersumbat tanpa infeksi.
Tersedia dalam bentuk minyak tetes telinga dan mudah digunakan di rumah. Teteskan beberapa tetes, diamkan, lalu bersihkan bagian luar telinga dengan kapas. Jangan digunakan jika ada nyeri berat atau keluar cairan dari telinga.
Efek samping umumnya ringan, misal muncul sedikit rasa hangat. Dosisnya adalah 2–3 tetes, sebanyak 1–2 kali sehari. Untuk ibu hamil, menyusui, atau anak, pastikan berkonsultasi terlebih dahulu ke dokter sebelum menggunakannya.
Otopain
Harga: mulai dari Rp140.391 per botol
Beli Otopain di Aloshop
Beli di Aloshop
Otopain mengandung benzocaine, phenazone, dan glycerin yang membantu meredakan nyeri serta melunakkan kotoran di telinga. Berkat kandungan tersebut, obat ini cocok untuk mengatasi telinga tersumbat yang disertai rasa sakit ringan.
Obat telinga tersumbat ini dijual bebas di apotek. Penggunaannya cukup 3–4 tetes, dan dapat diulang beberapa kali sesuai kebutuhan. Jangan digunakan pada gendang telinga yang luka.
Efek samping biasanya ringan, seperti rasa hangat atau sedikit iritasi. Keamanan untuk ibu hamil, menyusui, atau anak-anak perlu dikonsultasikan ke dokter.
Itulah beberapa obat telinga tersumbat yang bisa melegakan telinga Anda. Pilihlah obat yang sesuai dengan penyebab dan kondisi telinga Anda. Jika telinga tersumbat disertai nyeri hebat, keluar cairan atau darah, kehilangan pendengaran mendadak, atau tidak membaik dalam 2–3 hari setelah penggunaan obat, segera periksakan diri ke dokter spesialis THT untuk mengetahui penyebab dan mendapatkan penanganan yang tepat. 
Untuk konsultasi lebih lanjut atau pertanyaan seputar keluhan ringan, Anda juga dapat Chat Bersama Dokter melalui aplikasi ALODOKTER. Perlu diingat, hindari membersihkan telinga dengan alat atau benda asing agar kondisi tidak semakin parah ya."
9 Susu Program Hamil untuk Dukung Keberhasilan Promil,KESEHATAN,https://www.alodokter.com/susu-program-hamil-untuk-dukung-keberhasilan-promil,Terakhir diperbarui: 11 September 2025,Susu program hamil adalah susu yang diformulasikan khusus untuk melengkapi kebutuhan nutrisi selama menjalani program...,"Susu program hamil adalah susu yang diformulasikan khusus untuk melengkapi kebutuhan nutrisi selama menjalani program kehamilan (promil). Jenis susu ini dirancang untuk mendukung kesuburan serta mempersiapkan kondisi tubuh agar lebih optimal, baik bagi calon ibu maupun calon ayah.
Kekurangan nutrisi sering dipengaruhi oleh pola makan yang tidak seimbang, stres, berat badan tidak ideal, kebiasaan merokok, atau jarang berolahraga. Kondisi ini bisa menurunkan peluang keberhasilan kehamilan.
Oleh karena itu, mencukupi asupan gizi, termasuk melalui susu program hamil, dapat menjadi salah satu cara mendukung promil agar lebih optimal. Susu program hamil dapat dikonsumsi oleh wanita maupun pria.
Pilihan Susu Program Hamil Terbaik
Susu program hamil mengandung nutrisi penting untuk menjaga kesehatan tubuh, terutama sistem reproduksi. Kandungan seperti asam folat, zat besi, kalsium, DHA, dan zinc berperan besar dalam mendukung kesuburan serta mempersiapkan tubuh calon orang tua.
Berikut ini pilihan susu program hamil yang dapat dikonsumsi:
SGM Bunda
Harga: mulai dari Rp34.227–Rp35.513 per pack
Beli SGM Bunda Coklat 150 gr di Aloshop
Beli SGM Bunda Stroberi 150 gr di Aloshop
Beli di Aloshop
SGM Bunda adalah susu program hamil yang diformulasikan tinggi zat besi untuk mendukung pertumbuhan dan perkembangan janin. Kandungan DHA dari minyak ikan tuna membantu memperbaiki kualitas ovulasi dan meningkatkan tingkat keberhasilan pembuahan.
Satu gelas SGM Bunda setara dengan 10 gelas susu sapi segar, sehingga bisa menjadi sumber nutrisi lengkap bagi wanita. Susu ini tersedia dalam varian rasa cokelat dan stroberi yang enak. Tekstur lembut dan tidak menyebabkan mual, sehingga nyaman dikonsumsi setiap hari.
Prenagen Esensis
Harga: mulai dari Rp42.926 per dus
Beli Prenagen Esensis French Vanila 180 gr di Aloshop
Beli Prenagen Esensis Coklat 180 gr di Aloshop
Beli di Aloshop
Prenagen Esensis merupakan susu program hamil yang dirancang untuk persiapan kehamilan dengan kandungan zinc, zat besi, dan asam folat. Kombinasi nutrisi ini membantu meningkatkan kesuburan, menjaga sistem reproduksi, serta mencegah cacat tabung saraf pada janin.
Selain itu, Prenagen Esensis rendah lemak sehingga dapat membantu menjaga berat badan calon ibu tetap ideal. Hadir dalam varian rasa vanila dan cokelat yang lezat, susu ini juga kaya vitamin dan mineral, termasuk vitamin B kompleks, vitamin D, fosfor, dan magnesium, yang mendukung kesehatan tubuh sebelum dan selama kehamilan.
Lovamil Stroberi 120 g
Harga: mulai dari Rp28.108 per pack
Beli Lovamil Stroberi 120 g di Aloshop
Beli di Aloshop
Lovamil adalah susu program hamil yang juga dapat dikonsumsi saat menyusui karena mengandung ekstrak daun katuk untuk membantu melancarkan ASI. Susu ini tinggi asam folat, zat besi, kalsium, protein, serta 11 vitamin dan 7 mineral penting untuk mendukung tumbuh kembang janin.
Kandungan serat pangan di dalamnya membantu pencernaan tetap sehat. Dengan rasa vanila yang enak, segelas Lovamil sehari dapat membuat rutinitas promil terasa lebih menyenangkan.
Anmum Materna Coklat 200 gr
Harga: mulai dari Rp61.000 per dus
Beli Anmum Materna Coklat 200 gr di Aloshop 
Beli di Aloshop
Anmum Materna Coklat adalah susu program hamil yang bisa dikonsumsi sejak masa persiapan kehamilan. Susu ini mendukung kesehatan ibu sekaligus meningkatkan peluang terjadinya kehamilan serta mengurangi risiko komplikasi.
Hanya dengan dua gelas per hari, kebutuhan nutrisi penting ibu dapat terpenuhi. Rasa coklatnya lembut dan nyaman di perut, sehingga tetap aman diminum oleh ibu yang mengalami mual di awal kehamilan.
Frisomum Gold
Harga: mulai dari Rp 98.500 per dus
Frisomum Gold diformulasikan dengan kalsium, vitamin D, asam folat, dan vitamin B12 yang berperan penting dalam menjaga kesehatan tulang, mendukung pembentukan sel darah merah, serta mempersiapkan tubuh agar lebih siap menghadapi kehamilan.
Susu ini juga memiliki indeks glikemik rendah yang membantu mengontrol kadar gula darah, sehingga baik dikonsumsi sejak masa program hamil. Dengan Dual Care+ formula, Frisomum Gold dapat menunjang kebutuhan gizi calon ibu sekaligus mendukung kesiapan tubuh dalam promil.
Frisian Flag Primamum
Harga: mulai dari Rp 25.400 per dus
Frisian Flag Primamum adalah susu program hamil yang diperkaya DHA, asam folat, omega-3, omega-6, serta zat besi untuk mendukung kesuburan dan kesehatan reproduksi. Kandungan protein di dalamnya juga berperan penting dalam membangun serta memperbaiki jaringan tubuh, sehingga mempersiapkan kondisi calon ibu lebih optimal untuk kehamilan.
Dengan konsumsi dua gelas Frisian Flag Primamum setiap hari, calon ibu dapat memperoleh tambahan energi dan nutrisi penting selama program hamil. Hadir dengan rasa cokelat yang nikmat, susu ini bisa menjadi pilihan tepat untuk mendukung promil sekaligus menjaga kesehatan tubuh secara menyeluruh.
Susu Garisdua Sherin Pink
Harga: mulai dari Rp126.000 per dus
Susu Garisdua Sherin Pink adalah susu kambing premium dengan tambahan kurma muda A+ yang diformulasikan khusus untuk mendukung kesehatan kandungan wanita. Susu program hamil ini membantu meningkatkan kesuburan, mengatasi haid tidak teratur, serta menjaga kesehatan rahim.
Selain itu, kandungan alami di dalamnya bermanfaat untuk meningkatkan kualitas sel telur dan daya tahan tubuh. Susu ini cocok dikonsumsi oleh pejuang garis dua, ibu menyusui, maupun ibu hamil.
Susu Garisdua Sherin for Men
Harga: mulai dari Rp88.000 per dus
Susu Garisdua Sherin for Men adalah susu program hamil khusus pria dengan kandungan omega-3, vitamin E, seng, dan kalsium. Kombinasi ini berperan penting untuk menjaga vitalitas sekaligus mendukung kesuburan pria.
Terbuat dari susu kambing dan almond yang kaya zat besi serta asam amino, produk ini membantu meningkatkan kualitas sperma. Dengan konsumsi rutin, Susu Garisdua Sherin for Men dapat menjadi pilihan tepat untuk mendukung keberhasilan program kehamilan bersama pasangan.
Susu Herbamen
Harga: mulai dari Rp78.400 per dus
Susu Herbamen merupakan susu program hamil untuk pria yang berfokus pada peningkatan kualitas sperma. Kandungan almond dan kurma muda di dalamnya membantu membuat sperma lebih kental dan subur, serta mengatasi ejakulasi dini.
Selain itu, susu ini juga diklaim dapat meningkatkan vitalitas dan ketahanan pria. Cukup diminum sekali sehari, Susu Herbamen bisa menjadi salah satu pendukung kesehatan reproduksi pria dalam program kehamilan.
Susu program hamil bisa menjadi salah satu cara untuk mendukung keberhasilan promil, disertai pola makan sehat, olahraga teratur, tidur yang cukup, dan kelola stres dengan baik.
Jika setelah 1 tahun program hamil belum juga berhasil, sebaiknya lakukan pemeriksaan ke dokter untuk mengetahui penyebabnya. Setelah mendapat pemeriksaan awal, dokter dapat membantu memantau jalannya program hamil.
Kini, pemantauan tersebut juga bisa dilakukan lebih mudah melalui layanan Chat Bersama Dokter di aplikasi ALODOKTER. Melalui konsultasi online, Anda juga bisa"
"Ciri Payudara Tanda Hamil, Kenali 7 Perubahannya Sejak Dini",KELUARGA,https://www.alodokter.com/ciri-payudara-tanda-hamil-kenali-7-perubahannya-sejak-dini,Terakhir diperbarui: 11 September 2025,Ciri payudara tanda hamil sering menjadi salah satu tanda awal yang disadari wanita saat tubuh...,"Ciri payudara tanda hamil sering menjadi salah satu tanda awal yang disadari wanita saat tubuh mulai mengalami perubahan. Meski perubahan pada payudara bisa menjadi petunjuk kehamilan, penting untuk mengenali ciri-ciri yang benar agar tidak salah mengartikan sebagai gejala menjelang menstruasi biasa.
Perubahan hormon saat awal kehamilan berperan besar dalam memicu perubahan pada payudara. Hormon-hormon ini membuat jaringan payudara menyesuaikan diri sebagai persiapan menyusui. 
Namun, tidak semua wanita mengalami perubahan yang sama. Mengenali ciri payudara tanda hamil secara umum bisa membantu Anda lebih waspada terhadap kemungkinan kehamilan, terutama bila disertai gejala lain.
Berbagai Ciri Payudara Tanda Hamil
Ciri payudara tanda hamil umumnya mulai terasa sejak awal kehamilan dan sering kali menjadi salah satu perubahan pertama yang disadari. Berikut beberapa ciri payudara tanda hamil yang perlu Anda ketahui:
1. Payudara terasa lebih kencang dan sensitif
Ciri payudara tanda hamil yang paling sering muncul adalah payudara terasa lebih kencang, sensitif, atau bahkan terasa sedikit nyeri. Sensasi ini biasanya mulai terasa sejak minggu pertama hingga kedua setelah pembuahan, akibat perubahan hormon dalam tubuh.
2. Ukuran payudara bertambah
Ciri payudara tanda hamil berikutnya adalah ukuran payudara yang tampak lebih penuh dan membesar. Hal ini terjadi karena peningkatan hormon kehamilan, seperti estrogen dan progesteron, yang mempersiapkan tubuh untuk proses menyusui.
3. Area areola dan puting menggelap
Ciri payudara tanda hamil lainnya adalah perubahan warna pada areola, yaitu area di sekitar puting, yang menjadi lebih gelap dan puting lebih menonjol. Kondisi ini dipicu oleh meningkatnya aliran darah ke jaringan payudara.
4. Pembuluh darah di payudara semakin terlihat
Pada awal kehamilan, ciri payudara tanda hamil dapat berupa pembuluh darah di permukaan payudara yang tampak lebih jelas. Hal ini disebabkan oleh peningkatan aliran darah untuk mendukung pertumbuhan jaringan payudara.
5. Payudara terasa gatal atau kesemutan
Perubahan serta pembesaran jaringan merupakan salah satu ciri payudara tanda hamil yang dapat menimbulkan rasa gatal atau kesemutan di area tersebut, terutama saat payudara bertambah ukurannya dengan cepat.
6. Keluar cairan bening dari puting
Meskipun jarang, sebagian wanita dapat mengalami keluarnya cairan bening atau berwarna putih dari puting payudara di awal kehamilan. Ini merupakan salah satu ciri payudara tanda hamil yang bisa terjadi akibat perubahan hormon dan persiapan tubuh untuk menyusui sejak dini. 
Cairan ini disebut juga kolostrum, yaitu cairan ASI yang pertama kali muncul. Kolostrum kaya nutrisi dan biasanya akan keluar lebih banyak menjelang masa persalinan. Jika cairan yang keluar tidak berwarna bening atau putih, atau disertai darah, sebaiknya segera konsultasikan ke dokter untuk memastikan kondisi payudara tetap sehat.
7. Perubahan tekstur kulit di payudara
Ciri payudara tanda hamil juga dapat berupa perubahan tekstur kulit, seperti kulit terasa lebih kencang, halus, atau tampak urat-urat yang lebih jelas. Hal ini merupakan akibat dari meningkatnya aliran darah dan perubahan pada jaringan payudara.
Memahami ciri payudara tanda hamil memang penting, akan tetapi sebaiknya Anda tidak hanya mengandalkan satu gejala saja sebagai penentu kehamilan ya. Perubahan pada payudara juga dapat disebabkan oleh faktor lain, seperti perubahan hormon menjelang haid, penggunaan pil KB, stres, atau kondisi kesehatan tertentu.
Jika Anda menemukan benjolan baru di payudara, mengalami nyeri yang tidak membaik, atau muncul cairan yang keluar dari puting, sebaiknya segera periksakan diri ke dokter. 
Untuk memastikan kehamilan atau ingin mendapatkan penjelasan lebih lanjut terkait ciri payudara tanda hamil, Anda juga dapat berkonsultasi langsung dengan dokter melalui fitur Chat Bersama Dokter di aplikasi ALODOKTER. Dengan layanan ini, Anda bisa mendapatkan jawaban cepat dan akurat dari tenaga medis profesional."
6 Obat Telinga Tersumbat yang Melegakan dengan Cepat,KESEHATAN,https://www.alodokter.com/obat-telinga-tersumbat-yang-melegakan-dengan-cepat,Terakhir diperbarui: 11 September 2025,"Obat telinga tersumbat adalah solusi praktis saat telinga terasa penuh, tidak nyaman, atau mendengung akibat...","Obat telinga tersumbat adalah solusi praktis saat telinga terasa penuh, tidak nyaman, atau mendengung akibat sumbatan. Kondisi ini bisa dialami siapa saja dan mengganggu aktivitas sehari-hari. Memilih obat telinga yang tepat membantu meredakan gejala lebih cepat sekaligus mencegah komplikasi. 
Telinga tersumbat biasanya disebabkan penumpukan kotoran, infeksi, alergi, atau cairan setelah berenang. Selain itu, faktor lain, seperti perubahan tekanan udara dan infeksi saluran napas juga dapat menjadi penyebab telinga tersumbat.
Pemilihan obat telinga tersumbat yang tepat sangat penting agar masalah cepat teratasi. Obat yang salah atau digunakan sembarangan bisa memperburuk kondisi, apalagi jika ada luka di gendang telinga. 
Pilihan Obat Telinga Tersumbat yang Ampuh di Apotek
Berikut adalah daftar obat telinga yang bisa membantu mengatasi telinga tersumbat. Produk-produk ini umumnya tersedia dalam bentuk tetes atau minyak dan mudah digunakan di rumah. 
Santadex
Harga: mulai dari Rp27.162 per botol
Beli Santadex di Aloshop
Beli di Aloshop
Santadex mengandung dexamethasone dan chloramphenicol. Dexamethasone berfungsi sebagai antiradang, sedangkan chloramphenicol adalah antibiotik untuk membunuh bakteri penyebab infeksi di telinga. Kombinasi ini membantu meredakan keluhan telinga tersumbat, terutama akibat infeksi yang disertai nyeri dan bengkak.
Santadex tersedia dalam bentuk tetes telinga dan hanya bisa digunakan sesuai petunjuk dokter atau aturan pada kemasan. Umumnya, Santadex digunakan 3–4 tetes ke telinga yang sakit sebanyak 2–3 kali sehari. 
Obat ini tidak dianjurkan untuk ibu hamil dan menyusui, serta anak-anak tanpa anjuran dokter. Hindari penggunaannya jika ada luka pada gendang telinga. Efek samping yang dapat timbul antara lain iritasi ringan atau rasa panas di telinga. 
Forumen
Harga: mulai dari Rp44.505 per botol
Beli Forumen di Aloshop
Beli di Aloshop
Forumen mengandung sodium docusate yang bekerja melunakkan kotoran telinga yang mengeras, sehingga lebih mudah untuk dikeluarkan. Obat ini cocok digunakan jika telinga tersumbat oleh serumen yang menumpuk.
Tersedia dalam bentuk tetes telinga dan dapat dibeli tanpa resep dokter. Cara pemakaiannya, cukup teteskan Forumen sesuai aturan kemasan, tunggu beberapa menit, lalu miringkan kepala agar kotoran keluar. Sebaiknya tidak digunakan pada gendang telinga yang pecah atau mengalami infeksi berat.
Efek samping bisa berupa rasa panas sesaat atau perih yang ringan. Dosis Forumen adalah 5 tetes sebanyak 2–3 kali sehari untuk orang dewasa. Tidak dianjurkan untuk digunakan oleh ibu hamil atau menyusui tanpa berkonsultasi dengan tenaga medis.
Otilon
Harga: mulai dari Rp67.975 per botol
Beli Otilon di Aloshop
Beli di Aloshop
Otilon mengandung phenazone dan lidocaine yang berfungsi membantu meredakan nyeri serta mengurangi peradangan di telinga. Obat ini cocok untuk telinga tersumbat yang disertai rasa sakit.
Otilon hadir dalam bentuk tetes telinga dan dapat digunakan tanpa resep dokter. Penggunaannya cukup mudah, Anda hanya perlu meneteskan obat ke telinga sesuai aturan kemasan atau anjuran tenaga medis. Jangan gunakan jika ada luka pada gendang telinga.
Efek samping ringan dapat berupa rasa hangat atau gatal setelah diteteskan. Dosisnya adalah 4–5 tetes, sebanyak 3 kali sehari. Bagi ibu hamil atau menyusui disarankan untuk berkonsultasi dengan dokter sebelum pemakaian.
Forotic
Harga: mulai dari Rp168.840 per botol
Beli Forotic di Aloshop
Beli di Aloshop
Forotic berisi polymyxin B, neomycin sulphate, dan hydrocortisone acetate. Kombinasi ini berfungsi membunuh bakteri penyebab infeksi dan mengurangi peradangan, sehingga cocok untuk telinga tersumbat akibat otitis eksterna.
Forotic tersedia dalam bentuk tetes telinga dan biasanya digunakan sesuai petunjuk dokter. Obat ini memerlukan resep dokter, terutama untuk anak-anak, ibu hamil, atau pasien alergi.
Efek samping Forotic dapat menyebabkan iritasi ringan atau rasa terbakar. Dosisnya adalah 2–3 tetes, sebanyak 3–4 kali sehari. 
Vital Ear Oil
Harga: mulai dari Rp26.550 per botol
Beli Vital Ear Oil di Aloshop
Beli di Aloshop
Vital Ear Oil adalah minyak telinga dengan bahan emolien yang membantu melunakkan kotoran telinga serta mencegah penumpukan serumen (serumen prop). Produk ini cocok digunakan untuk kasus telinga tersumbat tanpa infeksi.
Tersedia dalam bentuk minyak tetes telinga dan mudah digunakan di rumah. Teteskan beberapa tetes, diamkan, lalu bersihkan bagian luar telinga dengan kapas. Jangan digunakan jika ada nyeri berat atau keluar cairan dari telinga.
Efek samping umumnya ringan, misal muncul sedikit rasa hangat. Dosisnya adalah 2–3 tetes, sebanyak 1–2 kali sehari. Untuk ibu hamil, menyusui, atau anak, pastikan berkonsultasi terlebih dahulu ke dokter sebelum menggunakannya.
Otopain
Harga: mulai dari Rp140.391 per botol
Beli Otopain di Aloshop
Beli di Aloshop
Otopain mengandung benzocaine, phenazone, dan glycerin yang membantu meredakan nyeri serta melunakkan kotoran di telinga. Berkat kandungan tersebut, obat ini cocok untuk mengatasi telinga tersumbat yang disertai rasa sakit ringan.
Obat telinga tersumbat ini dijual bebas di apotek. Penggunaannya cukup 3–4 tetes, dan dapat diulang beberapa kali sesuai kebutuhan. Jangan digunakan pada gendang telinga yang luka.
Efek samping biasanya ringan, seperti rasa hangat atau sedikit iritasi. Keamanan untuk ibu hamil, menyusui, atau anak-anak perlu dikonsultasikan ke dokter.
Itulah beberapa obat telinga tersumbat yang bisa melegakan telinga Anda. Pilihlah obat yang sesuai dengan penyebab dan kondisi telinga Anda. Jika telinga tersumbat disertai nyeri hebat, keluar cairan atau darah, kehilangan pendengaran mendadak, atau tidak membaik dalam 2–3 hari setelah penggunaan obat, segera periksakan diri ke dokter spesialis THT untuk mengetahui penyebab dan mendapatkan penanganan yang tepat. 
Untuk konsultasi lebih lanjut atau pertanyaan seputar keluhan ringan, Anda juga dapat Chat Bersama Dokter melalui aplikasi ALODOKTER. Perlu diingat, hindari membersihkan telinga dengan alat atau benda asing agar kondisi tidak semakin parah ya."
9 Susu Program Hamil untuk Dukung Keberhasilan Promil,KESEHATAN,https://www.alodokter.com/susu-program-hamil-untuk-dukung-keberhasilan-promil,Terakhir diperbarui: 11 September 2025,Susu program hamil adalah susu yang diformulasikan khusus untuk melengkapi kebutuhan nutrisi selama menjalani program...,"Susu program hamil adalah susu yang diformulasikan khusus untuk melengkapi kebutuhan nutrisi selama menjalani program kehamilan (promil). Jenis susu ini dirancang untuk mendukung kesuburan serta mempersiapkan kondisi tubuh agar lebih optimal, baik bagi calon ibu maupun calon ayah.
Kekurangan nutrisi sering dipengaruhi oleh pola makan yang tidak seimbang, stres, berat badan tidak ideal, kebiasaan merokok, atau jarang berolahraga. Kondisi ini bisa menurunkan peluang keberhasilan kehamilan.
Oleh karena itu, mencukupi asupan gizi, termasuk melalui susu program hamil, dapat menjadi salah satu cara mendukung promil agar lebih optimal. Susu program hamil dapat dikonsumsi oleh wanita maupun pria.
Pilihan Susu Program Hamil Terbaik
Susu program hamil mengandung nutrisi penting untuk menjaga kesehatan tubuh, terutama sistem reproduksi. Kandungan seperti asam folat, zat besi, kalsium, DHA, dan zinc berperan besar dalam mendukung kesuburan serta mempersiapkan tubuh calon orang tua.
Berikut ini pilihan susu program hamil yang dapat dikonsumsi:
SGM Bunda
Harga: mulai dari Rp34.227–Rp35.513 per pack
Beli SGM Bunda Coklat 150 gr di Aloshop
Beli SGM Bunda Stroberi 150 gr di Aloshop
Beli di Aloshop
SGM Bunda adalah susu program hamil yang diformulasikan tinggi zat besi untuk mendukung pertumbuhan dan perkembangan janin. Kandungan DHA dari minyak ikan tuna membantu memperbaiki kualitas ovulasi dan meningkatkan tingkat keberhasilan pembuahan.
Satu gelas SGM Bunda setara dengan 10 gelas susu sapi segar, sehingga bisa menjadi sumber nutrisi lengkap bagi wanita. Susu ini tersedia dalam varian rasa cokelat dan stroberi yang enak. Tekstur lembut dan tidak menyebabkan mual, sehingga nyaman dikonsumsi setiap hari.
Prenagen Esensis
Harga: mulai dari Rp42.926 per dus
Beli Prenagen Esensis French Vanila 180 gr di Aloshop
Beli Prenagen Esensis Coklat 180 gr di Aloshop
Beli di Aloshop
Prenagen Esensis merupakan susu program hamil yang dirancang untuk persiapan kehamilan dengan kandungan zinc, zat besi, dan asam folat. Kombinasi nutrisi ini membantu meningkatkan kesuburan, menjaga sistem reproduksi, serta mencegah cacat tabung saraf pada janin.
Selain itu, Prenagen Esensis rendah lemak sehingga dapat membantu menjaga berat badan calon ibu tetap ideal. Hadir dalam varian rasa vanila dan cokelat yang lezat, susu ini juga kaya vitamin dan mineral, termasuk vitamin B kompleks, vitamin D, fosfor, dan magnesium, yang mendukung kesehatan tubuh sebelum dan selama kehamilan.
Lovamil Stroberi 120 g
Harga: mulai dari Rp28.108 per pack
Beli Lovamil Stroberi 120 g di Aloshop
Beli di Aloshop
Lovamil adalah susu program hamil yang juga dapat dikonsumsi saat menyusui karena mengandung ekstrak daun katuk untuk membantu melancarkan ASI. Susu ini tinggi asam folat, zat besi, kalsium, protein, serta 11 vitamin dan 7 mineral penting untuk mendukung tumbuh kembang janin.
Kandungan serat pangan di dalamnya membantu pencernaan tetap sehat. Dengan rasa vanila yang enak, segelas Lovamil sehari dapat membuat rutinitas promil terasa lebih menyenangkan.
Anmum Materna Coklat 200 gr
Harga: mulai dari Rp61.000 per dus
Beli Anmum Materna Coklat 200 gr di Aloshop 
Beli di Aloshop
Anmum Materna Coklat adalah susu program hamil yang bisa dikonsumsi sejak masa persiapan kehamilan. Susu ini mendukung kesehatan ibu sekaligus meningkatkan peluang terjadinya kehamilan serta mengurangi risiko komplikasi.
Hanya dengan dua gelas per hari, kebutuhan nutrisi penting ibu dapat terpenuhi. Rasa coklatnya lembut dan nyaman di perut, sehingga tetap aman diminum oleh ibu yang mengalami mual di awal kehamilan.
Frisomum Gold
Harga: mulai dari Rp 98.500 per dus
Frisomum Gold diformulasikan dengan kalsium, vitamin D, asam folat, dan vitamin B12 yang berperan penting dalam menjaga kesehatan tulang, mendukung pembentukan sel darah merah, serta mempersiapkan tubuh agar lebih siap menghadapi kehamilan.
Susu ini juga memiliki indeks glikemik rendah yang membantu mengontrol kadar gula darah, sehingga baik dikonsumsi sejak masa program hamil. Dengan Dual Care+ formula, Frisomum Gold dapat menunjang kebutuhan gizi calon ibu sekaligus mendukung kesiapan tubuh dalam promil.
Frisian Flag Primamum
Harga: mulai dari Rp 25.400 per dus
Frisian Flag Primamum adalah susu program hamil yang diperkaya DHA, asam folat, omega-3, omega-6, serta zat besi untuk mendukung kesuburan dan kesehatan reproduksi. Kandungan protein di dalamnya juga berperan penting dalam membangun serta memperbaiki jaringan tubuh, sehingga mempersiapkan kondisi calon ibu lebih optimal untuk kehamilan.
Dengan konsumsi dua gelas Frisian Flag Primamum setiap hari, calon ibu dapat memperoleh tambahan energi dan nutrisi penting selama program hamil. Hadir dengan rasa cokelat yang nikmat, susu ini bisa menjadi pilihan tepat untuk mendukung promil sekaligus menjaga kesehatan tubuh secara menyeluruh.
Susu Garisdua Sherin Pink
Harga: mulai dari Rp126.000 per dus
Susu Garisdua Sherin Pink adalah susu kambing premium dengan tambahan kurma muda A+ yang diformulasikan khusus untuk mendukung kesehatan kandungan wanita. Susu program hamil ini membantu meningkatkan kesuburan, mengatasi haid tidak teratur, serta menjaga kesehatan rahim.
Selain itu, kandungan alami di dalamnya bermanfaat untuk meningkatkan kualitas sel telur dan daya tahan tubuh. Susu ini cocok dikonsumsi oleh pejuang garis dua, ibu menyusui, maupun ibu hamil.
Susu Garisdua Sherin for Men
Harga: mulai dari Rp88.000 per dus
Susu Garisdua Sherin for Men adalah susu program hamil khusus pria dengan kandungan omega-3, vitamin E, seng, dan kalsium. Kombinasi ini berperan penting untuk menjaga vitalitas sekaligus mendukung kesuburan pria.
Terbuat dari susu kambing dan almond yang kaya zat besi serta asam amino, produk ini membantu meningkatkan kualitas sperma. Dengan konsumsi rutin, Susu Garisdua Sherin for Men dapat menjadi pilihan tepat untuk mendukung keberhasilan program kehamilan bersama pasangan.
Susu Herbamen
Harga: mulai dari Rp78.400 per dus
Susu Herbamen merupakan susu program hamil untuk pria yang berfokus pada peningkatan kualitas sperma. Kandungan almond dan kurma muda di dalamnya membantu membuat sperma lebih kental dan subur, serta mengatasi ejakulasi dini.
Selain itu, susu ini juga diklaim dapat meningkatkan vitalitas dan ketahanan pria. Cukup diminum sekali sehari, Susu Herbamen bisa menjadi salah satu pendukung kesehatan reproduksi pria dalam program kehamilan.
Susu program hamil bisa menjadi salah satu cara untuk mendukung keberhasilan promil, disertai pola makan sehat, olahraga teratur, tidur yang cukup, dan kelola stres dengan baik.
Jika setelah 1 tahun program hamil belum juga berhasil, sebaiknya lakukan pemeriksaan ke dokter untuk mengetahui penyebabnya. Setelah mendapat pemeriksaan awal, dokter dapat membantu memantau jalannya program hamil.
Kini, pemantauan tersebut juga bisa dilakukan lebih mudah melalui layanan Chat Bersama Dokter di aplikasi ALODOKTER. Melalui konsultasi online, Anda juga bisa"
10 Salep untuk Eksim Kering yang Ampuh,KESEHATAN,https://www.alodokter.com/salep-untuk-eksim-kering-yang-ampuh,Terakhir diperbarui: 10 September 2025,"Salep untuk eksim kering dapat digunakan untuk mengurangi gejala eksim kering, sekaligus mempercepat pemulihan kulit...","Salep untuk eksim kering dapat digunakan untuk mengurangi gejala eksim kering, sekaligus mempercepat pemulihan kulit yang terganggu. Banyak orang lebih memilih salep karena mudah digunakan dan bisa langsung bekerja di area kulit yang bermasalah, sehingga keluhan bisa reda dengan cepat.
Eksim kering dapat terjadi karena sejumlah faktor, seperti paparan deterjen atau sabun keras, udara dingin, stres, maupun masalah daya tahan tubuh. Kondisi ini membuat kulit kehilangan kelembapannya sehingga mudah meradang, gatal, dan pecah-pecah. 
Tak hanya itu, beberapa kebiasaan, seperti mandi air panas terlalu lama, mencuci tangan terlalu sering, atau kontak dengan bahan kimia tertentu, juga bisa memperparah eksim kering.
Meskipun tidak bisa benar-benar sembuh, eksim kering bisa dikontrol agar tidak makin memburuk. Nah, salah satu caranya adalah dengan menggunakan salep untuk eksim kering.
Rekomendasi Salep untuk Eksim Kering Terbaik di Apotek
Memilih salep untuk eksim kering tidak boleh asal-asalan. Salah memilih produk justru dapat memperberat iritasi, menimbulkan alergi, atau membuat eksim kering bertambah parah. 
Nah, berikut ini adalah beberapa salep untuk eksim kering terbaik yang biasa dokter rekomendasikan:
Kloderma
Harga: mulai dari Rp41.000 per tube
Beli Kloderma 0,05% Salep 5 gr di Aloshop
Beli Kloderma 0,05% Salep 10 gr di Aloshop
Beli di Aloshop
Kloderma merupakan salah satu salep untuk eksim kering. Salep ini mengandung clobetasol propionate yang bekerja dengan cara menekan aktivitas sistem kekebalan tubuh yang terlalu aktif pada kulit, sehingga mengurangi pelepasan zat-zat pemicu peradangan yang menjadi pemicu iritasi, gatal, dan kemerahan pada eksim kering. 
Kloderma tergolong aman untuk digunakan, tetapi salep ini sebaiknya tidak digunakan tanpa konsultasi ke dokter terlebih dahulu. Hal ini karena Kloderma termasuk dalam golongan obat keras. 
Umumnya, salep ini digunakan sebanyak 1–2 kali sehari. Caranya yaitu dengan mengoleskan Kloderma secara tipis ke area yang terkena eksim. 
Esperson 
Harga: mulai dari Rp100.000 per tube
Beli Esperson 0,25% Salep 5 gr di Aloshop
Beli Esperson 0,25% Salep 15 gr di Aloshop
Beli di Aloshop
Esperson sering direkomendasikan untuk mengatasi eksim kering. Hal ini karena Esperson mengandung desoximetasone yang dapat menekan produksi zat penyebab peradangan di kulit sehingga kemerahan, pembengkakan, dan rasa gatal akibat eksim bisa berkurang.
Untuk mengatasi eksim kering, Anda bisa mengoleskan Esperson secara tipis ke kulit yang terkena eksim sebanyak 1–2 kali sehari. Meski begitu, perlu diketahui bahwa salep untuk eksim kering ini termasuk dalam golongan obat keras, sehingga penggunaannya hanya bisa ditentukan oleh dokter. 
Guna menghindari hal-hal yang tidak diinginkan, pastikan hindari area kulit dekat mata, mulut, atau luka terbuka saat menggunakan Esperson.
Etercon 
Harga: mulai dari Rp29.000 per tube
Beli Clobetasol Salep 10 gr Etercon di Aloshop
Beli di Aloshop
Etercon juga termasuk dalam salep untuk eksim kering. Hal ini karena Etercon mengandung clobetasol propionate yang dapat menekan proses peradangan di kulit dengan cara mengurangi aktivitas sistem kekebalan tubuh. Dengan begitu, keluhan akibat eksim kering pun berkurang. 
Etercon hanya dapat digunakan sesuai petunjuk dokter. Soalnya, salep ini termasuk dalam golongan obat keras. Meski begitu, dokter umumnya akan menganjurkan Anda untuk mengoleskan Etercon secara tipis ke area yang terkena eksim sebanyak 1–2 kali sehari. 
Hindari menggunakan Etercon sebagai salep untuk eksim kering dalam jangka waktu panjang atau diluar resep dokter.  
Elopro 
Harga: mulai dari Rp53.000 per tube
Beli Elopro Salep 10 gr di Aloshop
Beli di Aloshop
Elopro mengandung mometasone furoate. Kandungan ini diketahui dapat menghambat senyawa kimia di dalam tubuh yang memicu gatal dan peradangan pada kulit penderita eksim kering, sehingga keluhan tersebut pun berkurang. 
Salep untuk eksim kering ini merupakan golongan obat keras yang memerlukan resep dari dokter untuk membelinya di apotek. Meski begitu, dosis umum penggunaan Elopro untuk mengatasi eksim kering adalah 1 kali sehari.
Saat menggunakan Elopro sebagai obat eksim kering, pastikan Anda hanya mengoleskannya secara tipis di area kulit yang terkena eksim.
Dermasolon 
Harga: mulai dari Rp44.000 per tube
Beli Dermasolon Salep 10 gr di Aloshop
Beli di Aloshop
Salep untuk eksim kering selanjutnya adalah Dermasolon. Salep ini mengandung fluocinolone yang dapat cara menekan aktivitas berlebihan sistem kekebalan tubuh, sehingga produksi zat pemicu peradangan dan gatal di kulit penderita eksim kering berkurang. 
Dermasolon tidak dapat dibeli tanpa resep dokter karena termasuk golongan obat keras. Salep ini bisa dioleskan secara tipis ke area yang terkena eksim kering sebanyak 1–2 kali sehari atau sesuai anjuran dokter.
Diprogenta 
Harga: mulai dari Rp111.000 per tube
Beli Diprogenta Salep 5 gr di Aloshop
Beli Diprogenta Salep 10 gr di Aloshop
Beli di Aloshop
Diprogenta mengandung betamethasone dan gentamicin. Perpaduan kedua bahan aktif dalam salep ini tidak hanya dapat menghentikan peradangan di kulit, tetapi juga dapat membasmi bakteri yang dapat menyebabkan luka eksim menjadi infeksi.
Meskipun aman, Diprogenta hanya bisa didapatkan di apotek dengan resep dokter. Ini karena Diprogenta termasuk dalam golongan obat keras. Salep untuk eksim kering ini biasanya digunakan sebanyak 1–2 kali sehari, dengan cara mengoleskannya secara tipis pada kulit.
Diprosalic 
Harga: mulai dari Rp114.000 per tube
Beli Diprosalic Salep 5 gr di Aloshop
Beli di Aloshop
Diprosalic merupakan salep untuk eksim kering berikutnya yang bisa Anda gunakan. Salep ini mengandung kombinasi betamethasone dipropionate dan asam salisilat yang tidak hanya dapat mengurangi peradangan di kulit, tetapi juga dapat mengangkat sel kulit mati sehingga kulit-kulit yang menebal akibat eksim kering berkurang. 
Diprosalic umumnya digunakan dengan cara mengoleskannya secara tipis ke area yang terkena eksim kering sebanyak 1–2 kali sehari. Meski begitu, perlu diketahui bahwa salep ini merupakan golongan obat keras sehingga Anda perlu resep dokter untuk membeli dan menggunakannya.
Desolex 
Harga: mulai dari Rp45.000 per tube
Beli Desolex 0,05% Salep 10 gr di Aloshop
Beli di Aloshop
Desolex juga dapat menjadi pilihan salep untuk eksim kering. Salep ini mengandung desonide efektif mengatasi gatal, kemerahan, dan iritasi akibat eksim kering dengan cara menekan pelepasan dan efek zat peradangan di kulit. 
Desolex merupakan golongan obat keras, sehingga pembeliaan dan penggunaannya hanya bisa ditentukan oleh dokter. Meski begitu, dokter umumnya akan menganjurkan Anda untuk mengoleskan Desolex secara tipis ke area yang terkena eksim sebanyak 1–2 kali sehari. 
Dermovate 
Harga: mulai dari Rp112.000 per tube
Beli Dermovate 0,05% Krim 5 gr di Aloshop
Beli Dermovate 0,05% Krim 10 gr di Aloshop
Beli di Aloshop
Berkat kandungan clobetasol propionate di dalamnya, Dermovate juga dapat menjadi pilihan salep untuk eksim kering. Pasalnya, kandungan clobetasol propionate dalam salep ini mampu menghambat reaksi sistem kekebalan tubuh sehingga mengurangi pelepasan zat pemicu peradangan di tubuh. Dengan begitu, keluhan bengkak, gatal, serta kemerahan akibat eksim kering berkurang.
Oleskan Dermovate secara tipis di kulit sebanyak 1–2 kali sehari. Namun, pastikan Anda konsultasi dengan dokter terlebih dahulu sebelum menggunakan Dermovate sebagai obat eksim kering, karena Dermovate merupakan golongan obat keras.
Diprosone OV 
Harga: mulai dari Rp135.000 per tube
Beli Diprosone OV Salep 10 gr di Aloshop
Beli di Aloshop
Diprosone OV juga mengandung betamethasone dipropionate. Kandungan obat ini dapat menghambat reaksi sistem kekebalan tubuh yang berlebihan dan pelepasan zat pemicu peradangan di kulit, sehingga keluhan bengkak, gatal, dan kemerahan akibat eksim kering berkurang.
Untuk menggunakan Diprosone OV sebagai salep untuk eksim kering sangat mudah, Anda cukup mengoleskannya ke area kulit yang terkena eksim kering secara tipis dan lakukan sebanyak 1–2 kali sehari. 
Hindari penggunaan Diprosone OV dalam jangka waktu panjang atau tanpa konsultasi dengan dokter terlebih dahulu. Pasalnya, salep ini termasuk dalam golongan obat keras. 
Setiap salep untuk eksim kering memiliki aturan pakai dan kandungan yang berbeda-beda. Oleh karena itu, pilihlah salep sesuai dengan kondisi kulit, baca aturan pakai, dan waspadai efek samping seperti iritasi, kulit menipis, atau kemerahan jika digunakan terlalu lama. 
Jika setelah beberapa hari menggunakan salep untuk eksim kering tetapi keluhan eksim kering tidak kunjung membaik atau malah bertambah parah hingga muncul nanah, bengkak, atau infeksi pada kulit, segera chat dokter untuk mendapatkan pengobatan lebih lanjut."
"Mikrobiologi, Dampaknya terhadap Kesehatan Manusia dan Lingkungan",KESEHATAN,https://www.alodokter.com/mikrobiologi-dampaknya-terhadap-kesehatan-manusia-dan-lingkungan,Terakhir diperbarui: 10 September 2025,"Mikrobiologi adalah ilmu yang mempelajari makhluk hidup berukuran sangat kecil, seperti bakteri, virus, jamur, dan...","Mikrobiologi adalah ilmu yang mempelajari makhluk hidup berukuran sangat kecil, seperti bakteri, virus, jamur, dan protozoa, yang tidak bisa dilihat dengan mata telanjang. Ilmu ini berperan penting dalam kesehatan, kebersihan, dan pengolahan makanan.
Ilmu mikrobiologi berkembang pesat dan telah memberikan banyak manfaat bagi manusia. Melalui penelitian mikrobiologi, kita dapat memahami cara penyebaran penyakit menular, mengembangkan obat-obatan, serta memperbaiki kualitas makanan.
Sayangnya, masih banyak orang yang menganggap mikroba hanya sebagai penyebab penyakit, padahal banyak mikroorganisme yang justru bermanfaat bagi tubuh maupun lingkungan.
Peran Penting Mikrobiologi dalam Kehidupan
Mikrobiologi bukan hanya tentang mempelajari mikroorganisme, tapi juga memahami bagaimana makhluk kecil ini memberi dampak besar dalam kehidupan sehari-hari. Berikut beberapa peran penting mikrobiologi yang bisa kita rasakan langsung:
1. Menjaga kesehatan tubuh
Melalui mikrobiologi, kita bisa mengetahui cara kerja mikroorganisme penyebab penyakit serta cara tubuh melawannya. Penemuan antibiotik serta vaksin untuk mencegah infeksi virus maupun bakteri menjadi bukti nyata bahwa penelitian mikrobiologi berperan besar dalam menjaga kesehatan manusia.
2. Mendukung industri makanan dan minuman
Proses fermentasi pada tempe, yoghurt, keju, dan tape merupakan contoh nyata peran mikroba. Mikroorganisme mengubah bahan makanan menjadi produk baru yang lebih tahan lama. Selain itu, hasil fermentasi juga seringkali lebih bergizi dan mudah dicerna.
3. Menjaga kebersihan lingkungan
Banyak mikroorganisme berfungsi sebagai pengurai limbah organik, seperti sampah dan kotoran. Proses penguraian ini membantu menjaga lingkungan tetap bersih dan sehat. Tanpa peran mikroba, limbah bisa menumpuk dan menimbulkan masalah kesehatan.
4. Mengendalikan penyakit menular
Mikrobiologi memberikan pemahaman tentang cara penularan penyakit, misalnya tuberkulosis, diare, atau flu. Dengan pengetahuan ini, tenaga kesehatan dapat membuat strategi pencegahan yang lebih efektif. Hal ini juga membantu dalam memberikan penanganan tepat pada penderita.
5. Pengembangan obat dan bioteknologi
Mikroba sering dimanfaatkan dalam penelitian untuk menghasilkan obat-obatan baru. Misalnya, produksi antibiotik, hormon, hingga enzim yang mendukung bidang medis dan industri. Inovasi ini membuktikan bahwa mikrobiologi terus berkembang mengikuti kebutuhan manusia.
Risiko dan Hal yang Perlu Diperhatikan dalam Mikrobiologi
Meski membawa banyak manfaat, mikrobiologi juga memiliki risiko, terutama jika kebersihan diri, makanan, dan lingkungan tidak dijaga dengan baik. Kondisi yang kotor dapat memudahkan mikroba berbahaya berkembang dan menimbulkan penyakit infeksi, seperti demam berdarah, tifus, atau gangguan pernapasan.
Di sisi lain, penggunaan antibiotik yang tidak sesuai aturan dapat memicu resistensi, sehingga obat menjadi kurang efektif dalam mengatasi penyakit. Mikroorganisme juga berpotensi mencemari makanan dan air jika tidak ditangani dengan benar, yang pada akhirnya bisa menimbulkan wabah penyakit.
Mikrobiologi memberi banyak manfaat bagi kesehatan, makanan, serta lingkungan, tetapi tetap ada risiko yang perlu diwaspadai. Dengan memahami peran dan dampaknya, kita bisa lebih bijak dalam menjaga kebersihan dan mencegah penyakit.
Jika Anda memiliki keluhan terkait infeksi atau penyakit tertentu, Anda bisa berkonsultasi langsung dengan dokter melalui Chat Bersama Dokter di aplikasi ALODOKTER. Dokter akan memberikan saran penanganan yang sesuai dengan kondisi Anda."
Efek Samping Allopurinol yang Paling Sering Muncul,KESEHATAN,https://www.alodokter.com/efek-samping-allopurinol-yang-paling-sering-muncul,Terakhir diperbarui: 10 September 2024,Efek samping allopurinol bisa dialami oleh sebagian orang yang menggunakan obat ini untuk mengendalikan asam...,"Efek samping allopurinol bisa dialami oleh sebagian orang yang menggunakan obat ini untuk mengendalikan asam urat. Meski umumnya aman jika digunakan sesuai petunjuk dokter, beberapa efek samping allopurinol dapat berakibat serius dan perlu segera mendapat penanganan medis.
Allopurinol adalah obat yang diresepkan untuk menurunkan kadar asam urat dalam darah pada penderita penyakit asam urat. Pada sebagian orang, efek samping allopurinol bisa berupa keluhan ringan. Selain itu, meski jarang, obat ini juga dapat menimbulkan reaksi serius yang perlu segera ditangani.
setiap penggunaan allopurinol memiliki risiko. Penting untuk mengetahui efek samping allopurinol, mulai dari gejala ringan hingga reaksi berat, agar masalah dapat ditangani sejak dini dan tidak berkembang menjadi komplikasi serius.
Efek Samping Allopurinol yang Sering Terjadi
Sama seperti obat lainnya, penggunaan allopurinol juga berisiko menimbulkan efek samping. Sebagian besar efek samping allopurinol bersifat ringan, tidak berbahaya, dan biasanya bisa hilang dengan sendirinya tanpa perlu penanganan khusus.
Berikut beberapa efek samping allopurinol yang tergolong ringan dan sering terjadi:
Gatal atau ruam ringan di kulit
Mual
Sakit perut ringan
Diare
Sakit kepala
Mudah mengantuk
Keringat berlebihan di malam hari
Efek Samping Allopurinol yang Jarang tetapi Berbahaya
Meskipun jarang, efek samping allopurinol dapat memicu reaksi serius yang berhubungan dengan kondisi medis berat, seperti angioedema, sindrom Stevens-Johnson, nekrolisis epidermal toksik, gangguan darah, maupun kerusakan hati dan ginjal.
Gejala yang perlu diwaspadai antara lain:
Kulit melepuh atau mengelupas
Ruam meluas disertai nyeri, demam, atau lepuhan
Pembengkakan pada wajah atau tenggorokan
Sakit tenggorokan, kelelahan, sulit bernapas, atau demam
Urin gelap dan nyeri saat buang air kecil
Penurunan berat badan tanpa sebab yang jelas
Kulit mudah memar
Kulit atau mata menguning
Jika Anda mengalami gejala berat seperti di atas, segera hentikan penggunaan allopurinol dan periksakan diri ke dokter atau IGD rumah sakit terdekat. Penanganan cepat sangat penting untuk mencegah komplikasi yang berbahaya.
Agar penggunaan allopurinol tetap aman, selalu minum obat sesuai dosis dan petunjuk dokter. Jika muncul keluhan ringan, catat keluhan tersebut dan sampaikan saat kontrol ke dokter. Hal ini penting untuk memastikan dosis tepat atau mempertimbangkan penggantian obat jika memang diperlukan.
Untuk penanganan keluhan yang lebih cepat, Anda juga bisa berkonsultasi dengan dokter secara online melalui Chat Bersama Dokter di aplikasi ALODOKTER. Dokter akan membantu memberikan saran perawatan yang sesuai, menilai apakah obat perlu disesuaikan, serta menentukan langkah lanjutan jika diperlukan."
5 Sabun Muka Pria untuk Memutihkan Wajah yang Efektif,HIDUP SEHAT,https://www.alodokter.com/sabun-muka-pria-untuk-memutihkan-wajah-yang-efektif,Terakhir diperbarui: 10 September 2025,Sabun muka pria untuk memutihkan wajah adalah solusi bagi para pria yang ingin memiliki kulit...,"Sabun muka pria untuk memutihkan wajah adalah solusi bagi para pria yang ingin memiliki kulit wajah lebih cerah dan bersih. Selain membantu membersihkan debu dan kotoran setelah beraktivitas seharian, sabun muka dengan kandungan khusus juga dapat mendukung proses pencerahan kulit secara bertahap. 
Kulit wajah pria umumnya lebih tebal dan berminyak daripada wanita. Hal ini membuat pria lebih rentan terhadap kotoran, minyak berlebih, dan paparan sinar matahari yang bisa mengakibatkan kulit tampak kusam. 
Selain itu, kebiasaan mencuci muka yang kurang tepat juga bisa memperburuk kondisi kulit, misalnya muncul jerawat atau noda hitam yang menyebabkan kulit wajah terlihat kurang cerah. Akibatnya, banyak pria merasa kurang percaya diri dengan penampilan mereka.
Namun, masalah kulit kusam ini bisa diatasi dengan perawatan yang tepat, salah satunya dengan memilih sabun muka pria untuk memutihkan wajah.
Pilihan Merek Sabun Muka Pria untuk Memutihkan Wajah yang Efektif di Apotik
Sabun muka pria untuk memutihkan wajah umumnya diperkaya dengan bahan pencerah, seperti vitamin C, niacinamide, atau ekstrak alami yang membantu mengangkat sel kulit mati sehingga kulit tampak lebih segar dan cerah. 
Berikut ini beberapa pilihan sabun muka pria untuk memutihkan wajah yang bisa digunakan sehari-hari:
Kahf Skin Energizing & Brightening Face Wash 100 Ml
Harga: mulai dari Rp45.170 per tube
Beli Kahf Skin Energizing & Brightening Face Wash 100 Ml di Aloshop
Kahf Skin Energizing & Brightening Face Wash mengandung HydroBalance dan Vitamin B3 (niacinamide) yang membantu mencerahkan kulit wajah serta menjaga kelembapan kulit. Formulanya juga membuat wajah tetap segar setelah aktivitas seharian dan cocok untuk pria dengan kulit kusam.
Teksturnya berbentuk gel yang lembut di kulit, mudah berbusa, serta tidak menimbulkan rasa kering atau tertarik setelah dibilas. Kahf Skin Energizing & Brightening Face Wash praktis digunakan setiap hari, baik sebelum berangkat kerja maupun setelah berolahraga, untuk menjaga kulit tetap sehat dan cerah.
Valenno Perfect Clean Lightening Facial Foam Papaya 100 Ml
Harga: mulai dari Rp40.515 per tube
Beli Valenno Perfect Clean Lightening Facial Foam Papaya 100 Ml di Aloshop
Sabun muka ini diperkaya dengan ekstrak pepaya yang membantu mengangkat sel kulit mati sehingga wajah tampak lebih cerah. Teksturnya menghasilkan busa lembut yang efektif membersihkan kotoran dan minyak, tetapi tetap menjaga kelembapan alami kulit sehingga tidak terasa kering setelah dicuci.
Untuk hasil optimal, gunakan Valenno Perfect Clean Lightening Facial Foam Papaya sesuai petunjuk pada kemasan. Hindari area sekitar mata dan pastikan membilas wajah hingga benar-benar bersih.
Nivea Men White Oil Clear Facial Foam 100 ml
Harga: mulai dari Rp49.500 per tube
Beli Nivea Men White Oil Clear Facial Foam 100 ml di Aloshop
Sabun muka ini mengandung Whitinat, vitamin C, dan Carnitine Power yang diformulasikan khusus untuk pria dengan kulit berminyak. Kombinasi kandungannya membantu mengangkat minyak berlebih dan kotoran yang menempel, sekaligus memberikan efek mencerahkan pada wajah.
Senka Perfect White Clay 50 gr
Harga: mulai dari Rp44.030 per tube
Beli Senka Perfect White Clay 50 gr di Aloshop
Sabun muka ini diperkaya dengan white clay yang efektif mengangkat sel kulit mati sekaligus membersihkan kotoran hingga ke dalam pori-pori. Kandungan double hyaluronic acid di dalamnya juga membantu menjaga kelembapan kulit, sehingga wajah tetap terasa halus dan tidak kering setelah dicuci.
Dengan kombinasi manfaat tersebut, Senka Perfect White Clay dapat membantu kulit tampak lebih cerah, segar, dan sehat. Produk ini cocok digunakan sehari-hari untuk Anda yang ingin pembersih wajah dengan hasil maksimal namun tetap lembut di kulit.
Illuminare Optimal Bright & Clean Facial Wash 100 gr
Harga: mulai dari Rp89.250 per tube
Beli Illuminare Optimal Bright & Clean Facial Wash 100 gr di Aloshop
Sabun muka ini diperkaya dengan brightening complex dan berbagai vitamin yang bekerja untuk mencerahkan sekaligus membersihkan kulit secara menyeluruh. Formulanya membantu mengurangi tampilan kusam, menjaga kebersihan wajah dari kotoran, serta mendukung kesehatan kulit agar tampak lebih segar dan bercahaya.
Sabun muka pria untuk memutihkan wajah dapat membantu mencerahkan kulit jika digunakan secara rutin dan tepat. Ingat, hasil optimal memerlukan waktu dan sabun saja tidak cukup tanpa perawatan kulit yang benar. 
Jika kulit tetap kusam, muncul iritasi, atau masalah kulit lain setelah penggunaan, sebaiknya segera konsultasikan hal tersebut ke dokter untuk mendapatkan saran penanganan yang lebih sesuai. Konsultasi bisa dilakukan secara online melalui fitur Chat Bersama Dokter di aplikasi ALODOKTER."
"Perawatan Diri untuk Luka Bakar, Cara Aman dan Efektif di Rumah",KESEHATAN,https://www.alodokter.com/perawatan-diri-untuk-luka-bakar-cara-aman-dan-efektif-di-rumah,Terakhir diperbarui: 10 September 2025,Perawatan diri untuk luka bakar sangat penting guna mencegah infeksi dan mempercepat proses penyembuhan. Langkah...,"Perawatan diri untuk luka bakar sangat penting guna mencegah infeksi dan mempercepat proses penyembuhan. Langkah yang tepat juga bisa membantu mencegah bekas luka dan mencegah kondisi makin parah. Mengetahui pertolongan pertama saat terkena bakar atau benda panas akan membuat Anda lebih tenang saat menghadapi luka bakar ringan di rumah.
Luka bakar karena terkena air panas, minyak, setrika, atau benda panas lain sering terjadi dalam aktivitas sehari-hari. Namun, bila penanganannya keliru, misalnya karena menunda perawatan atau menggunakan bahan sembarangan, justru bisa memperlambat sembuhnya luka dan meningkatkan risiko terjadinya infeksi. 
Oleh karena itu, penting untuk mengetahui langkah perawatan diri untuk luka bakar yang benar sebelum luka semakin memburuk.
Langkah Perawatan Diri untuk Luka Bakar Ringan di Rumah
Supaya luka bakar ringan cepat membaik dan tidak semakin parah, berikut ini beberapa langkah perawatan mandiri yang bisa Anda lakukan:
1. Dinginkan area luka
Segera siram area luka bakar dengan air mengalir bersuhu normal (bukan air es) selama 10–20 menit. Langkah pertama dari perawatan diri untuk luka bakar ini dapat membantu mengurangi rasa panas dan mencegah kerusakan jaringan yang lebih luas. 
Proses pendinginan sebaiknya dilakukan sesegera mungkin setelah terkena luka bakar agar panas tidak menyebar lebih dalam ke kulit. Dengan langkah ini, rasa nyeri biasanya akan berkurang dan risiko terbentuknya lepuh dapat diminimalkan.
2. Bersihkan luka dengan lembut
Cuci luka secara perlahan menggunakan air matang suhu normal atau larutan garam steril (NaCl) untuk menghilangkan kotoran tanpa menambah iritasi. Hindari menggosok luka terlalu keras agar jaringan kulit yang baru tidak rusak. 
Jangan gunakan sabun, alkohol, atau hidrogen peroksida karena bahan-bahan ini dapat membuat kulit semakin kering, menimbulkan rasa perih, dan justru bisa memperlambat proses penyembuhan luka.
3. Tutup luka dengan kain bersih
Setelah luka dikeringkan perlahan, tutup dengan kain kasa steril atau kain bersih yang tidak menempel pada luka. Menutup luka merupakan perawatan diri untuk luka bakar yang penting karena bertujuan mencegah kotoran, debu, dan kuman masuk ke area yang terluka sehingga risiko infeksi dapat diminimalkan. 
Pastikan kain atau kasa yang digunakan benar-benar bersih dan diganti secara rutin setiap hari agar luka tetap terlindungi selama proses penyembuhan.
4. Hindari mengoleskan bahan rumahan
Jangan oleskan odol, minyak, atau bahan tradisional lainnya pada luka bakar karena bisa menyebabkan iritasi atau memperparah infeksi. Penggunaan bahan-bahan tersebut juga dapat menutup permukaan luka sehingga panas terperangkap dan proses penyembuhan menjadi lebih lambat. 
Selain itu, bahan rumahan yang tidak steril berisiko membawa kuman ke luka dan meningkatkan kemungkinan infeksi.
5. Gunakan salep antibiotik jika perlu
Jika luka terbuka atau melepuh, mengoleskan salep antibiotik tipis setelah luka dibersihkan juga penting sebagai salah satu perawatan diri untuk luka bakar. Kemudian, tutup kembali dengan kasa steril untuk membantu mencegah infeksi. 
Pastikan Anda tidak mengoleskan terlalu tebal dan baca aturan pakainya, serta hentikan penggunaan jika muncul tanda alergi, seperti ruam atau gatal. Jika ragu atau luka tak kunjung membaik, sebaiknya konsultasikan ke dokter ya.
6. Penuhi asupan nutrisi
Asupan nutrisi yang cukup, terutama protein, sangat penting dalam proses pemulihan luka bakar. Protein membantu membangun dan memperbaiki jaringan tubuh yang rusak sehingga luka bisa sembuh lebih cepat.
Selain protein, pastikan Anda juga mengonsumsi makanan yang kaya vitamin C, vitamin A, zinc, serta cairan yang cukup setiap hari. Nutrisi ini berperan penting dalam mendukung daya tahan tubuh dan proses regenerasi kulit setelah luka bakar.
Pilihlah sumber protein, seperti ikan, daging ayam, telur, tahu, tempe, serta kacang-kacangan. Untuk vitamin dan mineral, perbanyak konsumsi buah-buahan dan sayuran segar, ya. 
7. Amati perkembangan luka
Ganti perban setiap hari dan perhatikan tanda-tanda infeksi, seperti nanah, luka makin merah, bengkak, atau nyeri yang dirasa semakin parah. Memantau kondisi luka secara rutin penting agar penanganan bisa segera dilakukan jika muncul gejala infeksi pada luka bakar. 
Jika luka tidak kunjung membaik dalam beberapa hari atau justru bertambah parah, sebaiknya segera konsultasikan ke dokter untuk mendapatkan perawatan lebih lanjut. 
Selain itu, lakukan juga beberapa hal ini sebagai langkah perawatan diri untuk luka bakar:
Jangan pecahkan lepuh yang muncul pada luka bakar agar perlindungan kulit tetap terjaga.
Bila luka terasa nyeri, boleh gunakan obat pereda nyeri seperti paracetamol, sesuai petunjuk.
Selalu perhatikan gejala infeksi dan segera cari pertolongan medis jika keluhan memburuk.
Perawatan diri yang benar dapat mempercepat pemulihan luka bakar ringan, sekaligus mencegah infeksi dan bekas luka. Namun, jangan lupa untuk selalu mencuci tangan sebelum dan sesudah merawat luka agar penyebaran kuman bisa dicegah.
Jika luka bakar meluas, terasa sangat nyeri, bernanah, atau terjadi di wajah, tangan, alat kelamin, ataupun sangat dalam, segera konsultasikan ke dokter atau langsung ke IGD rumah sakit terdekat. Untuk luka bakar ringan, Anda juga dapat menggunakan fitur Chat Bersama Dokter terlebih dulu guna mendapatkan panduan perawatan diri untuk luka bakar yang sesuai tanpa perlu keluar rumah."
7 Serum Rambut yang Bagus dan Wajib Dicoba,HIDUP SEHAT,https://www.alodokter.com/serum-rambut-yang-bagus-dan-wajib-dicoba,Terakhir diperbarui: 10 September 2025,Serum rambut yang bagus menjadi pilihan utama untuk menjaga kesehatan dan keindahan rambut. Berkat kandungan...,"Serum rambut yang bagus menjadi pilihan utama untuk menjaga kesehatan dan keindahan rambut. Berkat kandungan nutrisi khusus di dalamnya, serum rambut mampu mengatasi berbagai masalah, seperti rambut kering, rontok, bercabang, hingga tampak kusam.
Tidak cukup hanya dengan keramas dan menggunakan kondisioner, penting juga untuk memakai serum rambut untuk perawatan rambut yang optimal. Serum rambut yang bagus mengandung nutrisi dan bahan aktif yang dapat menembus batang rambut hingga ke lapisan terdalam, sehingga dapat memperbaiki struktur rambut yang rusak.
Kini, ada banyak pilihan serum rambut di pasaran. Agar tidak salah pilih dan mendapatkan hasil yang sesuai harapan, ada beberapa rekomendasi serum rambut yang bagus sesuai kebutuhan rambut Anda.
Rekomendasi Serum Rambut yang Bagus
Serum rambut yang bagus biasanya mengandung pelembap alami, seperti minyak argan, agar rambut tetap lembap dan berkilau. Produk ini juga dilengkapi vitamin dan antioksidan, seperti vitamin E atau pro-vitamin B5, untuk menguatkan akar dan membantu pertumbuhan rambut.
Serum rambut juga sebaiknya tidak mengandung alkohol berlebih, paraben, atau sulfat agar aman untuk kulit kepala. Agar Anda tidak bingung memilihnya, berikut ini adalah rekomendasi serum rambut yang bagus:
Makarizo Vitaglitz Hair Serum Revitalizing Care 8 ml
Harga: Rp28.000 per tube
Beli Makarizo Vitaglitz Hair Serum Revitalizing Care 8 ml di Aloshop
Beli di Aloshop
Serum rambut yang bagus dari Makarizo mengandung vitamin E, keratin, dan argan oil. Berbagai kandungan tersebut bermanfaat untuk menutrisi rambut dari akar hingga ujung, membuat rambut lebih halus dan mudah diatur, memperkuat rambut, serta melindungi batang rambut dari kerusakan akibat panas dan bahan kimia.
Pemakaian serum rambut ini cocok untuk Anda yang sering mewarnai rambut secara berulang atau menggunakan alat penata rambut, seperti hair dryer atau catokan. Dengan rutin memakai serum, rambut pun kembali terlihat lebih sehat dan berkilau.
Erhair Df Hairgrow Serum 8ml
Harga: Rp41.130 per piece
Beli Erhair Df Hairgrow Serum 8ml di Aloshop
Beli di Aloshop
Dengan kandungan ekstrak ginseng, biotin, dan niacinamide, serum rambut yang bagus ini mampu mendorong pertumbuhan rambut dan menguatkan akar. Cocok untuk mengatasi rambut rontok dan memperbaiki tekstur rambut yang kasar.
Watsons Repairing Hair Serum 100 ml
Harga: Rp94.050 per botol
Beli Watsons Repairing Hair Serum 100 ml di Aloshop
Beli di Aloshop
Serum ini kaya akan kandungan vitamin, mineral, dan asam lemak omega-3 yang bermanfaat untuk memperbaiki serta melembapkan rambut kering dan rusak. Serum rambut yang bagus dari Watsons cocok untuk rambut bercabang atau kusam karena paparan sinar matahari.
LOreal Paris Elseve Extraordinary Oil Gold Hair Treatment Serum 30 ml
Harga: Rp80.500 per botol
Beli LOreal Paris Elseve Extraordinary Oil Gold Hair Treatment Serum 30 ml di Aloshop
Beli di Aloshop
Serum rambut yang bagus dari Loreal diperkaya dengan kandungan 6 ekstra bunga, yakni lotus, chamomile, rose, tiare, linseed, dan soybean.
Dengan kandungan ini, pemakaian serum rambut secara rutin dapat memberikan kelembapan ekstra serta membuat rambut lebih berkilau dan halus. Serum ini sangat cocok untuk mengatasi rambut kering dan susah diatur.
XL Professional Hair Serum Invigorating 125 ml
Harga: Rp145.200 per botol
Beli XL Professional Hair Serum Invigorating 125 ml di Aloshop
Beli di Aloshop
Serum rambut ini mengandung olive oil dan pro-vitamin B5 yang membantu menutrisi sekaligus memperbaiki rambut kering dan patah. Sangat cocok untuk rambut yang sering terkena panas akibat pemakaian alat penata rambut.
Rudy Hair Growth Serum 9 ml Isi 6
Harga: Rp127.490 per pack
Beli Rudy Hair Growth Serum 9 ml Isi 6 di Aloshop
Beli di Aloshop
Serum rambut dari Rudy dibuat khusus untuk mengatasi kerontokan rambut, merangsang pertumbuhan rambut, dan menguatkan akar rambut. Produk ini mengandung kombinasi bahan alami, seperti sophora root extract, tripeptide complex dan soybeans protein, serta hydrolyzed sericin.
Kombinasi kandungan tersebut dapat memperlancar sirkulasi darah di akar rambut dan menjaga kulit kepala agar tetap sehat. Pemakaian serum rambut ini cocok untuk rambut rontok dan tipis.
Tresemme Keratin Smooth Shine Serum 97 ml
Harga: Rp230.450 per botol
Beli Tresemme Keratin Smooth Shine Serum 97 ml di Aloshop
Beli di Aloshop
Serum rambut yang bagus dari Tresemme cocok untuk mengatur rambut yang kusut. Dengan kandungan keratin dan diperkaya dengan marula oil, serum ini dapat menghaluskan, menutrisi, dan memberi kilau pada rambut. Serum rambut Tresemme Ideal untuk rambut yang mengembang, kering, dan susah diatur.
Agar manfaat serum rambut yang bagus bisa optimal, ikutilah langkah-langkah pemakaian berikut:
Cuci rambut terlebih dahulu dengan sampo, lalu bilas hingga bersih.
Keringkan rambut dengan handuk hingga setengah kering.
Ambil beberapa tetes serum rambut ke telapak tangan.
Usapkan serum secara merata pada rambut, terutama pada bagian yang paling rusak dan kering.
Fokuskan penggunaan serum rambut di batang hingga ujung rambut agar rambut tetap terasa ringan dan tidak lepek.
Biarkan serum meresap tanpa perlu dibilas, lalu tata rambut seperti biasa.
Merawat rambut dengan serum yang tepat akan membantu rambut tampak sehat, kuat, dan indah. Jangan lupa untuk selalu perhatikan cara pemakaian dan reaksi kulit kepala setelah penggunaan.
Jika Anda mengalami iritasi, gatal yang parah, atau rambut rontok berlebihan, segera hentikan pemakaian dan konsultasikan kondisi Anda ke dokter melalui fitur Chat Bersama Dokter agar bisa mendapatkan solusi terbaik dan cepat."
7 Menu Diet Sehat Seminggu yang Bernutrisi,HIDUP SEHAT,https://www.alodokter.com/7-menu-diet-sehat-seminggu-yang-bernutrisi,Terakhir diperbarui: 10 September 2025,Menu diet sehat seminggu adalah solusi praktis bagi Anda yang ingin menjalani pola makan sehat...,"Menu diet sehat seminggu adalah solusi praktis bagi Anda yang ingin menjalani pola makan sehat tanpa perlu bingung memilih makanan setiap hari. Dengan menu yang seimbang dan bergizi, tubuh tetap bertenaga, berat badan terjaga, dan risiko penyakit dapat dikurangi.
Mengatur menu diet sehat seminggu tidak hanya soal membatasi kalori, tetapi juga memastikan asupan nutrisi harian lengkap, mulai dari karbohidrat kompleks, protein, serat, hingga vitamin serta mineral.
Banyak orang salah paham bahwa diet berarti makan sangat sedikit atau menahan lapar. Padahal, kunci utama diet sehat adalah memilih jenis dan porsi makanan yang tepat secara konsisten.
Pilihan Menu Diet Sehat Seminggu
Agar manfaat diet lebih optimal, menu diet sehat seminggu sebaiknya mencakup kombinasi makanan utama dan camilan sehat di antara waktu makan. 
Berikut ini adalah beberapa rekomendasi menu diet sehat seminggu yang bisa Anda coba:
1. Oatmeal dan pisang
Oatmeal adalah salah satu sumber karbohidrat kompleks yang baik untuk sarapan. Kandungan serat larut di dalam oatmeal dapat membantu menurunkan kadar kolesterol, menjaga kadar gula darah tetap stabil, dan membuat Anda kenyang lebih lama. 
Sementara itu, pisang merupakan buah yang tinggi kalium dan serat, serta rendah kalori. Buah ini mudah dicerna, membantu menjaga kesehatan sistem pencernaan, dan bisa menjadi alternatif camilan yang sehat. 
Kombinasi oatmeal dan pisang saat sarapan dapat menjaga stamina tubuh, mencegah rasa lapar datang terlalu cepat, serta memenuhi kebutuhan vitamin dan mineral harian Anda.
2. Roti gandum dan telur rebus
Roti gandum mengandung karbohidrat kompleks dan serat yang membantu menahan rasa lapar lebih lama. Selain itu, roti gandum juga kaya vitamin B dan mineral, yang berperan penting dalam proses pembentukan energi di dalam tubuh. 
Sedangkan protein dalam telur rebus bisa membantu memperbaiki jaringan tubuh dan menjaga massa otot, sekaligus memberikan rasa kenyang lebih lama.
Mengonsumsi roti gandum dan telur rebus bisa menjadi pilihan menu diet sehat seminggu yang membantu memenuhi asupan nutrisi tubuh.
3. Nasi merah dan dada ayam tanpa kulit
Pilihan menu diet sehat seminggu yang bisa Anda coba lainnya adalah nasi merah dan dada ayam tanpa kulit. Hal ini karena nasi merah mengandung serat dan vitamin B yang lebih tinggi dibanding nasi putih, sehingga membantu menjaga pencernaan tetap sehat dan energi bertahan lebih lama.
Selain itu, dada ayam tanpa kulit adalah sumber protein tanpa lemak yang baik untuk menjaga kesehatan otot dan memperbaiki jaringan tubuh. Protein juga memberikan rasa kenyang lebih lama, sehingga membantu mencegah makan berlebihan.
4. Tahu dan brokoli
Tahu adalah sumber protein nabati yang rendah kalori dan kaya kalsium, sehingga cocok untuk dijadikan sebagai menu diet sehat seminggu. Protein dari tahu membantu membangun dan memperbaiki jaringan tubuh. 
Sementara kandungan isoflavon di dalam tahu bermanfaat untuk kesehatan jantung dan tulang. Selain itu, tahu juga mudah diolah menjadi berbagai menu lezat sesuai selera.
Brokoli mengandung vitamin C, vitamin K, serat, dan antioksidan yang sangat baik untuk mendukung sistem kekebalan tubuh dan menjaga kesehatan pencernaan. Konsumsi tahu dan brokoli dalam satu menu dapat membantu memenuhi kebutuhan protein, vitamin, dan serat harian secara efisien.
5. Ikan dan sayur bayam
Ikan, seperti ikan kembung, kaya akan protein dan asam lemak omega-3 yang membantu menjaga fungsi otak dan jantung. Konsumsi ikan secara rutin juga dapat menurunkan risiko penyakit jantung dan membantu meningkatkan daya tahan tubuh selama diet.
Bayam adalah sayuran hijau yang penuh dengan zat besi, vitamin A, vitamin C, dan antioksidan yang baik untuk kesehatan mata, kulit, serta sistem imun. Kandungan seratnya juga membantu memperlancar sistem pencernaan.
Menu ikan dan bayam sangat cocok untuk makan siang atau malam, karena memberikan nutrisi lengkap yang dibutuhkan tubuh selama program diet.
6. Yoghurt rendah lemak dan apel
Yoghurt rendah lemak mengandung probiotik yang dapat membantu menjaga kesehatan pencernaan dan meningkatkan daya tahan tubuh. Yoghurt juga bisa menjadi pilihan cemilan sehat yang membantu menahan rasa lapar di antara waktu makan.
Apel adalah buah kaya serat dan vitamin C yang bermanfaat untuk membantu menurunkan kadar kolesterol serta memperkuat sistem kekebalan tubuh. Mengonsumsi apel dapat membantu menahan rasa lapar lebih lama, karena seratnya memperlambat proses pencernaan.
Kombinasi yoghurt rendah lemak dan apel sangat cocok untuk menu diet sehat seminggu di pagi atau sore hari agar tubuh tetap segar dan berenergi.
7. Kentang rebus dan tempe
Kentang rebus adalah sumber karbohidrat kompleks yang rendah lemak dan bisa membantu mengenyangkan tanpa banyak kalori. Kandungan vitamin C, kalium, serta serat pada kentang baik untuk kesehatan jantung dan metabolisme tubuh. 
Tempe merupakan makanan tradisional Indonesia yang kaya akan protein nabati, serat, serta berbagai vitamin dan mineral. Proses fermentasi pada tempe membuatnya mudah dicerna dan mengandung probiotik yang menyehatkan pencernaan.
Menu kentang rebus dan tempe cocok sebagai makan siang atau malam untuk mendukung kebutuhan nutrisi saat diet sehat.
Tips Penting untuk Sukses Menjalani Menu Diet Sehat Seminggu
Agar manfaat menu diet sehat seminggu bisa dirasakan optimal, berikut beberapa hal penting yang perlu diperhatikan:
Pilih metode memasak yang lebih sehat, seperti merebus, mengukus, atau memanggang, untuk mengurangi asupan lemak berlebih.
Selalu sisipkan sayur dan buah pada setiap waktu makan agar kebutuhan serat, vitamin, dan mineral tercukupi.
Batasi konsumsi gorengan, makanan tinggi gula, dan minuman kemasan manis yang dapat meningkatkan risiko terjadinya penyakit metabolik, seperti diabetes dan kolesterol tinggi.
Cukupi kebutuhan cairan dengan minum air putih minimal 8 gelas sehari untuk membantu proses metabolisme.
Hindari melewatkan waktu makan atau mengurangi porsi secara berlebihan karena hal ini dapat membuat tubuh cepat lemas, mudah lapar, atau sulit berkonsentrasi.
Menu diet sehat seminggu tidak hanya bermanfaat untuk menjaga berat badan, tetapi juga membantu memperbaiki pola makan harian, mendukung daya tahan tubuh, dan menjaga energi sepanjang hari. 
Bila Anda memiliki kondisi kesehatan khusus, sebaiknya konsultasikan dengan dokter atau ahli gizi sebelum menjalani diet untuk memastikan menu yang dipilih sesuai dengan kebutuhan.
Jika Anda membutuhkan panduan lebih lanjut atau masih bingung merancang menu diet sehat seminggu yang sesuai, manfaatkan fitur Chat Bersama Dokter di aplikasi ALODOKTER untuk konsultasi langsung dengan dokter secara mudah, cepat, dan terpercaya."
"KB yang Paling Aman, Ini Pilihan Terbaik dan Tips Memilihnya",KELUARGA,https://www.alodokter.com/kb-yang-paling-aman-ini-pilihan-terbaik-dan-tips-memilihnya,Terakhir diperbarui: 10 September 2025,KB yang paling aman sering menjadi pertimbangan utama bagi wanita dan pasangan yang ingin menunda...,"KB yang paling aman sering menjadi pertimbangan utama bagi wanita dan pasangan yang ingin menunda kehamilan tanpa mengorbankan kesehatan. Memilih metode kontrasepsi yang tepat tidak hanya memperhitungkan efektivitas, tetapi juga risiko efek samping dan kecocokan dengan kondisi tubuh masing-masing.
Informasi mengenai KB yang paling aman perlu dipahami secara menyeluruh, karena tidak ada satu metode kontrasepsi yang cocok untuk semua orang. Setiap jenis KB memiliki kelebihan dan kekurangan, serta efek samping yang berbeda-beda. Cara kerja, cara penggunaan, serta efek jangka panjang juga penting untuk dijadikan pertimbangan sebelum memutuskan pilihan.
Selain mempertimbangkan keamanan secara umum, kondisi kesehatan, usia, dan kebutuhan khusus, seperti menyusui atau riwayat penyakit tertentu, juga harus jadi prioritas dalam memilih KB yang sesuai dengan Anda.
Jenis KB yang Paling Aman dan Keunggulannya
Berikut adalah beberapa pilihan KB yang secara umum dianggap aman dengan tingkat efektivitas tinggi, beserta keunggulannya:
1. Kondom
Kondom merupakan metode kontrasepsi yang mudah didapat dan tidak memerlukan resep dokter. Cara kerjanya adalah dengan mencegah sperma masuk ke dalam rahim, sehingga tidak terjadi pembuahan. 
Selain itu, kondom juga terbilang sebagai KB yang paling aman karena mampu memberikan perlindungan tambahan terhadap infeksi menular seksual (IMS), baik bagi laki-laki maupun perempuan, dan tidak mengandung hormon sehingga minim risiko efek samping hormonal.
2. KB IUD
Alat kontrasepsi yang umum digunakan selain kondom adalah IUD. Ini adalah alat kecil yang dipasang di dalam rahim dan dapat digunakan selama 3–10 tahun, tergantung jenisnya. KB ini sangat efektif dan menjadi pilihan ideal untuk wanita yang ingin kontrasepsi jangka panjang tanpa perlu repot mengingat jadwal minum pil atau suntik. 
IUD juga menjadi KB yang paling aman untuk ibu menyusui, serta tidak memengaruhi keseimbangan hormon tubuh sehingga efek samping KB ini biasanya ringan.
3. KB implan atau susuk
KB yang aman berikutnya adalah implan atau susuk, yaitu batang kecil yang dipasang di bawah kulit lengan. Alat kontrasepsi jenis ini mampu mencegah kehamilan hingga 3 tahun. Selain itu, kadar hormon yang dilepaskan pun rendah, sehingga risiko efek sampingnya relatif ringan dan tidak mengganggu produksi ASI. 
Implan termasuk metode kontrasepsi yang praktis dan cocok untuk wanita yang ingin perlindungan jangka menengah tanpa perlu repot kontrol berkala.
4. KB suntik progestin
KB suntik berisikan hormon progestin yang disuntikkan setiap 1–3 bulan sekali, sesuai jadwal dari tenaga kesehatan. KB suntik progestin aman untuk ibu menyusui, serta memiliki tingkat efektivitas yang tinggi dalam mencegah kehamilan jika digunakan secara konsisten. 
Hanya saja, penggunaannya tetap perlu dipantau agar Anda tidak lupa jadwal suntik selanjutnya. KB suntik juga bisa menimbulkan efek samping, seperti perubahan siklus haid yang menjadi tidak teratur atau terlambat.
5. Pil KB progestin
Jenis KB yang paling aman berikutnya adalah pil KB progestin. Tidak hanya membantu mencegah kehamilan, pil KB juga menjadi pilihan yang aman bagi ibu menyusui karena kandungannya tidak memengaruhi produksi ASI ibu.
Risiko efek samping pil KB juga cenderung lebih rendah, terutama dalam hal keluhan seperti sakit kepala atau mual. Namun, pil ini harus diminum setiap hari pada jam yang sama agar tingkat efektivitasnya dalam mencegah kehamilan bisa tetap terjaga.
6. Cincin vagina
Cincin vagina adalah alat kontrasepsi berbentuk lingkaran lentur berisi hormon estrogen dan progestin yang dimasukkan ke dalam vagina setiap bulan, lalu dikeluarkan setelah 3 minggu. Cincin ini mencegah kehamilan dengan menghambat ovulasi dan menebalkan lendir serviks.
Cincin vagina dapat digunakan sendiri di rumah dan cukup nyaman jika sudah terbiasa. Efek sampingnya mirip pil KB kombinasi, seperti perdarahan ringan di luar jadwal haid atau nyeri payudara. Alat ini tidak melindungi dari IMS, sehingga sebaiknya digunakan bersamaan dengan kondom jika berisiko tertular penyakit.
7. Cervical cap
Cervical cap adalah alat berbahan silikon atau lateks yang berfungsi menutupi leher rahim agar sperma tidak dapat mencapai sel telur. Penggunaannya harus dipasang sebelum berhubungan seksual dan dilepas beberapa jam setelahnya.
Cervical cap tidak mengandung hormon, sehingga cocok untuk wanita yang sensitif terhadap efek hormonal, dan dapat digunakan berulang kali dengan perawatan yang tepat.
Namun, efektivitasnya paling baik pada wanita yang belum pernah melahirkan secara vagina, dan kadang sulit dipasang untuk beberapa orang. Cervical cap juga tidak melindungi dari IMS.
8. KB Koyo
KB koyo adalah metode kontrasepsi berbentuk plester tipis yang ditempelkan pada kulit di area lengan, perut, punggung, atau bokong. KB koyo mengandung hormon estrogen dan progestin yang akan diserap ke dalam tubuh melalui kulit, kemudian bekerja dengan cara mencegah ovulasi dan menebalkan lendir serviks agar sperma sulit mencapai sel telur.
KB koyo diganti sekali seminggu selama tiga minggu, lalu minggu keempat tidak menggunakan koyo agar menstruasi terjadi. Metode ini sangat praktis, terutama bagi yang sulit disiplin minum pil KB setiap hari. Efektivitasnya mirip dengan pil KB jika digunakan sesuai petunjuk.
Efek samping yang mungkin muncul antara lain iritasi di area kulit yang ditempeli koyo, mual, atau sakit kepala. Tidak semua perempuan cocok menggunakan KB koyo, terutama bagi yang berisiko tinggi terkena penyakit jantung atau migrain berat selalu pastikan konsultasi terlebih dahulu dengan dokter sebelum memilih KB ini.
Hal yang Perlu Diperhatikan Sebelum Memilih KB
Sebelum menentukan pilihan KB yang paling aman, berikut ini adalah beberapa hal penting yang perlu Anda perhatikan lebih dulu:
Konsultasikan kondisi kesehatan dengan dokter, terutama bila Anda memiliki penyakit kronis, seperti hipertensi, diabetes, atau penyakit jantung.
Perhatikan efek samping, misalnya perdarahan di luar haid, perubahan siklus menstruasi, sakit kepala, kenaikan berat badan, atau penurunan gairah seksual.
Pilih KB yang tidak mengganggu produksi ASI apabila sedang menyusui.
Konsistensi dalam penggunaan sangat penting, terutama pada metode pil KB atau suntik.
Berkonsultasi pada dokter untuk mengganti metode KB jika muncul keluhan atau efek samping yang mengganggu.
Saat memilih KB atau alat kontrasepsi apa pun, penting untuk mengutamakan tingkat efektivitas, kenyamanan, dan keamanan Anda. Meski demikian, setiap orang bisa memiliki kebutuhan yang berbeda, tergantung kondisi kesehatan dan gaya hidup.
Oleh karena itu, memilih KB yang paling aman sebaiknya selalu dilakukan setelah berkonsultasi dengan dokter agar metode yang dipilih benar-benar sesuai dengan kondisi tubuh dan kebutuhan Anda. 
Jika Anda masih ragu atau memiliki pertanyaan khusus, manfaatkan fitur Chat Bersama Dokter di aplikasi ALODOKTER ya. Dengan informasi yang tepat, Anda bisa menjalani program KB dengan lebih tenang dan tetap menjaga kesehatan reproduksi."
6 Manfaat Black Garlic Tunggal dan Cara Mengonsumsinya,HIDUP SEHAT,https://www.alodokter.com/6-manfaat-black-garlic-tunggal-dan-cara-mengonsumsinya,Terakhir diperbarui: 10 September 2025,Manfaat black garlic tunggal semakin dikenal karena kandungan antioksidan dan nutrisinya yang tinggi. Bawang putih...,"Manfaat black garlic tunggal semakin dikenal karena kandungan antioksidan dan nutrisinya yang tinggi. Bawang putih hasil fermentasi ini dipercaya dapat membantu menjaga daya tahan tubuh sekaligus menurunkan risiko berbagai penyakit kronis.
Black garlic tunggal adalah bawang putih tunggal yang telah melalui proses fermentasi pada suhu dan kelembapan tertentu selama beberapa minggu. Proses ini membuat warnanya berubah menjadi hitam, rasanya lebih manis, teksturnya lembut, serta kandungan antioksidannya meningkat dibanding bawang putih biasa.
Tidak heran jika black garlic tunggal banyak dimanfaatkan sebagai suplemen alami untuk mencegah berbagai penyakit kronis. Berbagai manfaat garlic tunggal ini tentunya berasal dari kandungan nutrisi penting di dalamnya.
Berbagai Manfaat Black Garlic Tunggal
Black garlic tunggal mengandung antioksidan tinggi, seperti S-allyl-cysteine (SAC), serta vitamin C, kalsium, fosfor, prebiotik, asam amino, senyawa organosulfur, gula alami, dan polifenol.
Berkat kandungan nutrisi di dalamnya, ada beberapa manfaat black garlic tunggal yang bisa Anda dapatkan:
1. Meningkatkan daya tahan tubuh
Kandungan antioksidan dan vitamin C pada black garlic tunggal dipercaya dapat membantu memperkuat sistem kekebalan tubuh. Asupan nutrisi ini dapat melawan radikal bebas yang bisa menyebabkan infeksi atau penyakit.
Dengan daya tahan tubuh yang lebih kuat, tubuh menjadi lebih siap menghadapi serangan virus dan bakteri. Inilah salah satu alasan manfaat black garlic tunggal semakin diminati sebagai suplemen alami.
2. Mendukung kesehatan pencernaan
Fermentasi pada black garlic tunggal menghasilkan senyawa prebiotik yang bermanfaat bagi pertumbuhan bakteri baik di usus. Kondisi ini sangat penting untuk menjaga fungsi dan kesehatan saluran pencernaan.
Dengan pencernaan yang sehat, tubuh lebih mudah menyerap nutrisi dan terhindar dari gangguan, seperti sembelit atau perut kembung.
3. Mengontrol kadar gula darah
Beberapa penelitian menunjukkan bahwa konsumsi black garlic tunggal dapat membantu menurunkan dan menstabilkan kadar gula darah. Efek ini sangat bermanfaat terutama bagi penderita diabetes.
Manfaat black garlic tunggal yang satu ini tentunya dapat membantu mencegah komplikasi akibat gula darah tinggi.
4. Menjaga kesehatan otak
Antioksidan pada black garlic tunggal juga memberikan perlindungan terhadap sel-sel otak dari kerusakan akibat radikal bebas. Perlindungan ini bisa membantu menurunkan risiko penyakit neurodegeneratif, seperti demensia atau Alzheimer. Dengan begitu, fungsi kognitif dan daya ingat dapat tetap optimal seiring bertambahnya usia.
5. Menjaga kesehatan jantung
Black garlic tunggal mengandung senyawa S-allyl-cysteine (SAC) yang terbentuk selama proses fermentasi dan dikenal mampu menurunkan kadar kolesterol jahat (LDL) serta tekanan darah tinggi. Kedua faktor ini sangat penting untuk mencegah terjadinya penyumbatan pembuluh darah dan menjaga kerja jantung tetap stabil.
Selain itu, efek antioksidannya juga membantu mengurangi kerusakan sel akibat radikal bebas yang berperan dalam proses penyakit jantung.
6. Mengurangi risiko terjadinya penyakit kronis
Kandungan antioksidan black garlic tunggal yang lebih tinggi bisa membantu melindungi sel-sel tubuh dari kerusakan. Hal ini berarti tubuh lebih terlindungi dari risiko penyakit kronis, seperti diabetes tipe 2, kanker, atau gangguan degeneratif lainnya.
Rutin mengonsumsi black garlic tunggal sebagai bagian dari pola makan sehat, dapat menjadi salah satu upaya pencegahan dini terhadap berbagai penyakit kronis.
Cara Mengonsumsi Black Garlic Tunggal
Ada berbagai cara untuk mengonsumsi black garlic tunggal. Bawang hitam ini dapat dinikmati langsung atau diolah terlebih dahulu sebagai tambahan pada berbagai hidangan. Black garlic tunggal juga bisa digunakan sebagai pengganti bawang putih biasa untuk memberikan rasa manis dan aroma khas pada masakan.
Anda bisa mencampurkan black garlic tunggal saat memasak daging, sup, atau sayuran untuk memperkaya cita rasa. Selain itu, black garlic tunggal juga sering dikonsumsi sebagai pelengkap, yaitu dengan memotongnya kecil-kecil dan menaburkannya di atas makanan, seperti roti, nasi goreng, tumisan, atau salad.
Meski manfaat black garlic tunggal cukup menjanjikan berdasarkan sejumlah penelitian, efeknya bisa berbeda-beda pada tiap orang. Pola makan sehat dan gaya hidup sehat tetap menjadi kunci utama menjaga kesehatan tubuh.
Jika Anda berminat mencoba black garlic tunggal sebagai suplemen alami, gunakan dalam batas wajar dan pastikan produk yang dikonsumsi sudah terjamin aman.
Selain itu, wanita hamil, sedang menyusui, anak-anak, dan penderita penyakit kronis, sebaiknya tidak mengonsumsi black garlic tunggal tanpa persetujuan dokter karena bukti keamanan masih terbatas.
Jika memiliki kondisi medis khusus atau muncul keluhan setelah mengonsumsi black garlic tunggal, jangan ragu untuk Chat Bersama Dokter melalui aplikasi ALODOKTER. Langkah ini bertujuan agar manfaat black garlic tunggal bisa diperoleh dengan aman dan tidak menimbulkan risiko bagi kesehatan."
5 Efek Samping Minum Rebusan Daun Ciplukan yang Perlu Diwaspadai,HIDUP SEHAT,https://www.alodokter.com/5-efek-samping-minum-rebusan-daun-ciplukan-yang-perlu-diwaspadai,Terakhir diperbarui: 10 September 2025,Efek samping minum rebusan daun ciplukan penting untuk diperhatikan sebelum Anda rutin mengonsumsinya. Meski punya...,"Efek samping minum rebusan daun ciplukan penting untuk diperhatikan sebelum Anda rutin mengonsumsinya. Meski punya banyak manfaat, daun ciplukan bukan berarti tidak memiliki efek samping. Dengan memahami efek sampingnya, Anda bisa mendapatkan manfaat daun ciplukan secara lebih bijak dan aman.
Daun ciplukan (Physalis angulata) telah lama digunakan sebagai obat herbal di Indonesia untuk mengobati berbagai penyakit, seperti diabetes, hipertensi, dan radang sendi. Meski begitu, penelitian mengenai manfaat dan efek samping daun ciplukan pada manusia masih terbatas.
Beberapa kandungan aktif di dalam ciplukan memang diyakini bermanfaat, tapi juga bisa menimbulkan reaksi tertentu pada sebagian orang, terlebih jika dikonsumsi berlebihan atau bersamaan dengan obat lain. 
Oleh karena itu, penting untuk memahami efek samping daun ciplukan sekaligus tindakan pencegahan sebelum rutin mengonsumsi rebusan obat herbal ini.
Berbagai Efek Samping Minum Rebusan Daun Ciplukan
Berikut ini adalah beberapa efek samping minum rebusan daun ciplukan yang umum terjadi:
1. Gangguan pencernaan
Salah satu efek samping minum rebusan daun ciplukan yang cukup sering dikeluhkan adalah munculnya gangguan pencernaan, seperti kembung, mual, muntah, atau diare. Kondisi ini bisa terjadi karena kandungan senyawa aktif di dalam daun ciplukan dapat memicu iritasi ringan pada saluran cerna, terutama pada orang yang lebih sensitif.
Jika Anda mengalami gangguan pencernaan setelah minum rebusan daun ciplukan, sebaiknya hentikan konsumsi terlebih dahulu dan perhatikan apakah keluhan akan membaik.
2. Reaksi alergi
Reaksi alergi juga dapat terjadi sebagai efek samping minum rebusan daun ciplukan, terutama pada orang yang memiliki riwayat alergi terhadap tanaman tertentu. Tanda-tanda alergi yang bisa muncul adalah gatal-gatal, ruam merah, atau bengkak pada kulit, bibir, dan kelopak mata.
Pada kasus yang jarang, reaksi alergi berat bisa memicu sesak napas atau syok anafilaksis. Jika Anda mengalami gejala alergi sesaat setelah mengonsumsi rebusan daun ciplukan, sebaiknya segera hentikan konsumsi dan cari pertolongan medis.
3. Gula darah turun berlebihan
Daun ciplukan banyak digunakan untuk membantu menurunkan kadar gula darah. Namun, konsumsi daun ciplukan bersamaan dengan obat diabetes dapat meningkatkan risiko hipoglikemia atau penurunan gula darah berlebihan. 
Beberapa keluhan yang bisa muncul adalah lemas, berkeringat dingin, pusing, jantung berdebar, bahkan kehilangan kesadaran bila tidak segera ditangani.
Oleh karena itu, penderita diabetes yang rutin minum obat penurun gula darah perlu sangat berhati-hati jika ingin mencoba rebusan daun ciplukan.
4. Gangguan fungsi hati dan ginjal
Meski jarang terjadi, konsumsi rebusan daun ciplukan dalam jangka panjang atau dalam dosis tinggi diyakini dapat memengaruhi fungsi hati dan ginjal. Hal ini berkaitan dengan adanya zat aktif tertentu di dalam daun ciplukan yang berpotensi menimbulkan efek toksik bila digunakan secara berlebihan. 
Efek samping minum rebusan daun ciplukan ini lebih tinggi terjadi pada orang yang memang sudah memiliki gangguan pada organ tersebut.
Untuk menjaga kesehatan hati dan ginjal, sebaiknya hindari konsumsi rebusan daun ciplukan dalam jumlah besar atau secara rutin tanpa pengawasan dokter. 
5. Konsumsi obat tertentu
Kandungan dalam daun ciplukan dapat berinteraksi dengan obat-obatan tertentu, seperti obat diabetes, obat tekanan darah tinggi, atau obat antikoagulan. Interaksi ini bisa menyebabkan obat bekerja terlalu kuat atau justru menjadi kurang efektif, sehingga berisiko menimbulkan efek samping atau komplikasi. 
Untuk mencegah dampak interaksi obat, sebaiknya informasikan pada dokter tentang semua jenis obat atau suplemen herbal yang Anda konsumsi.
Tips Aman Mengonsumsi Rebusan Daun Ciplukan
Agar terhindar dari efek samping rebusan daun ciplukan, berikut langkah-langkah yang sebaiknya dilakukan:
Konsumsi rebusan daun ciplukan dalam jumlah sedikit terlebih dahulu untuk melihat bagaimana reaksi tubuh Anda.
Hindari konsumsi daun ciplukan jika Anda memiliki riwayat alergi terhadap tanaman herbal atau masalah fungsi hati dan ginjal.
Segera hentikan konsumsi jika muncul gejala tidak nyaman, seperti gatal, ruam, muntah, atau pusing.
Penelitian tentang cara pakai, dosis, dan efek samping minum rebusan daun ciplukan masih sangat terbatas. Oleh karena itu, hindari mengonsumsi daun ciplukan sebagai pengobatan utama untuk penyakit tertentu.
Jika sedang mengonsumsi obat tertentu atau memiliki penyakit kronis, diskusikan dulu dengan dokter sebelum mencoba rebusan daun ciplukan. Hal ini dilakukan agar terhindar dari risiko interaksi atau komplikasi yang tidak diinginkan.
Anda bisa memanfaatkan fitur Chat Bersama Dokter di aplikasi ALODOKTER untuk mendapatkan jawaban cepat mengenai efek samping minum rebusan daun ciplukan."
6 Efek Samping Salbutamol dan Tips Mencegahnya,KESEHATAN,https://www.alodokter.com/6-efek-samping-salbutamol-dan-tips-mencegahnya,Terakhir diperbarui: 10 September 2025,"Efek samping salbutamol umumnya hanya berupa keluhan yang ringan dan bersifat sementara. Meski begitu, penting...","Efek samping salbutamol umumnya hanya berupa keluhan yang ringan dan bersifat sementara. Meski begitu, penting untuk mengenali risiko dari konsumsi obat sesak napas ini agar tetap aman dan sesuai dengan anjuran dokter.
Salbutamol bekerja dengan melebarkan saluran napas sehingga membuat pernapasan menjadi lebih lega. Obat ini sering diresepkan untuk meredakan sesak napas akibat asma, PPOK, atau kondisi lain yang menyebabkan penyempitan saluran napas.
Seperti obat pada umumnya, salbutamol dapat menimbulkan efek samping, mulai dari yang ringan hingga efek serius yang memerlukan penanganan medis. Dengan mengetahui efek samping salbutamol, diharapkan Anda bisa lebih waspada dan tidak panik jika muncul keluhan.
Berbagai Efek Samping Salbutamol
Berikut ini adalah beberapa efek samping salbutamol yang umum dialami oleh penggunanya:
1. Sakit kepala
Sakit kepala bisa terjadi terutama di awal penggunaan salbutamol, baik dalam bentuk tablet, sirup, maupun inhaler. Sakit kepala biasanya terasa ringan, seperti kepala terasa tegang. Setelah tubuh menyesuaikan dengan obat, efek samping salbutamol ini umumnya akan hilang dengan sendirinya.
2. Pusing
Pusing yang muncul bisa terasa seperti kepala ringan, melayang, atau susah fokus. Efek samping ini biasanya terjadi sesaat setelah mengonsumsi salbutamol, misalnya setelah menggunakan inhaler.
Jika pusing terasa, sebaiknya Anda duduk dan beristirahat sejenak sampai keluhan mereda. Hindari mengemudi atau menjalankan mesin berat jika masih merasa pusing.
3. Gelisah atau cemas
Salbutamol dapat memengaruhi sistem saraf sehingga menyebabkan perasaan gelisah, gugup, atau jantung berdebar tanpa sebab yang jelas. Beberapa pengguna biasanya merasa tidak bisa tenang atau sulit tidur setelah minum salbutamol.
Efek samping salbutamol ini biasanya akan berkurang jika penggunaan sesuai dosis dan tubuh sudah beradaptasi dengan obat.
4. Mual atau muntah
Sebagian orang merasakan mual, rasa tidak nyaman di lambung, atau bahkan muntah setelah mengonsumsi salbutamol, khususnya dalam bentuk tablet atau sirup. Untuk mengurangi risiko ini, minum obat sesuai petunjuk dokter dan hindari makan berlebihan sebelum konsumsi obat.
5. Tangan dan kaki gemetar (tremor)
Efek samping salbutamol ini berupa getaran halus pada tangan atau jari, sehingga tangan sulit diam saat melakukan gerakan, seperti menulis atau memegang benda kecil. Tremor biasanya ringan dan akan mereda setelah tubuh terbiasa dengan obat.
6. Kram otot
Beberapa orang juga bisa mengalami kram pada otot, misalnya kaki terasa tertarik atau nyeri secara tiba-tiba. Efek ini lebih sering terjadi pada penggunaan salbutamol jangka panjang atau dengan dosis tinggi. Keluhan biasanya akan membaik jika asupan cairan cukup dan banyak beristirahat.
Efek samping ringan salbutamol umumnya tidak berbahaya dan akan membaik dengan sendirinya. Namun, bila disalahgunakan, obat ini dapat menyebabkan efek samping berat yang harus diwaspadai, seperti:
Detak jantung terlalu cepat, terlalu lambat, atau tidak teratur
Nyeri dada
Sesak napas, mengi, atau batuk yang memburuk
Reaksi alergi obat, seperti ruam kemerahan, bengkak pada wajah, kelopak mata, atau bibir, serta sesak napas berat
Jika Anda atau keluarga mengalami salah satu efek samping serius di atas, segera ke IGD rumah sakit terdekat untuk mendapatkan penanganan medis yang cepat dan tepat.
Tips Mencegah Efek Samping Salbutamol
Untuk mencegah efek samping salbutamol, ini adalah beberapa tips yang perlu dilakukan:
Gunakan salbutamol sesuai dosis dan petunjuk dokter.
Jangan menambah atau mengurangi dosis tanpa persetujuan dokter.
Beritahu dokter tentang riwayat penyakit jantung atau kondisi medis lain.
Hindari penggunaan bersamaan dengan obat tertentu tanpa konsultasi dokter.
Lakukan pemeriksaan berkala jika menggunakan salbutamol dalam jangka panjang.
Simpan obat pada tempat yang sesuai dan jauh dari jangkauan anak-anak.
Jangan menggunakan obat yang sudah kedaluwarsa.
Sebagian besar efek samping salbutamol bersifat ringan, apalagi jika digunakan sesuai dosis dan petunjuk dokter. Namun, jika Anda memiliki riwayat penyakit jantung, penting untuk berkonsultasi dengan dokter sebelum mulai menggunakan salbutamol.
Penggunaan salbutamol pada umumnya aman jika Anda mengikuti aturan dan dosis yang diberikan dokter. Bila Anda ingin mengetahui lebih lanjut mengenai efek samping salbutamol, manfaatkan fitur Chat Bersama Dokter di aplikasi ALODOKTER untuk mendapatkan jawaban yang cepat dan terpercaya sesuai kebutuhan Anda."
Efek Samping Alprazolam dan Tips Aman Menggunakannya,KESEHATAN,https://www.alodokter.com/efek-samping-alprazolam-dan-tips-aman-menggunakannya,Terakhir diperbarui: 10 September 2025,"Efek samping alprazolam dapat dirasakan oleh siapa saja yang mengonsumsi obat ini, baik untuk mengatasi...","Efek samping alprazolam dapat dirasakan oleh siapa saja yang mengonsumsi obat ini, baik untuk mengatasi gangguan cemas maupun gangguan panik. Untuk menggunakan alprazolam dengan aman, penting bagi Anda memahami risikonya serta cara menangani gejala yang mungkin muncul.
Alprazolam adalah obat golongan benzodiazepine yang sering diresepkan untuk menenangkan pikiran dan mengatasi kecemasan. Meskipun efektif, alprazolam memiliki risiko efek samping, terutama jika digunakan tanpa pengawasan dokter atau melebihi dosis yang dianjurkan.
Efek samping alprazolam bisa muncul dalam waktu singkat. Meski begitu, masalah kesehatan juga bisa timbul, bila obat penenang ini digunakan dalam jangka panjang. Oleh karena itu, penting untuk memahami efek samping alprazolam agar Anda bisa menggunakannya secara aman dan terhindar dari risiko berbahaya.
Efek Samping Alprazolam yang Sering Terjadi
Ada beberapa faktor yang bisa meningkatkan risiko terjadinya efek samping alprazolam, seperti dosis, kondisi kesehatan secara umum, penggunaan obat lain, dan usia. Berikut ini adalah beberapa efek samping ringan hingga sedang dari penggunaan alprazolam:
1. Kantuk dan rasa lelah
Alprazolam bisa menyebabkan penggunanya merasa sangat mengantuk atau lemas, terutama pada beberapa hari pertama penggunaan. Kondisi ini kadang membuat sebagian orang sulit berkonsentrasi saat bekerja atau belajar, bahkan bisa tertidur lebih awal dari biasanya.
2. Pusing atau sakit kepala
Beberapa orang juga bisa merasa kepala yang ringan, berputar, atau nyeri setelah minum alprazolam. Pusing ini bisa terjadi tiba-tiba, terutama saat bangun dari posisi duduk atau tidur. Jika mengalami pusing, sebaiknya duduk atau berbaring sebentar sampai keluhan mereda.
3. Gangguan konsentrasi dan koordinasi
Efek samping alprazolam biasanya juga dapat membuat penggunanya mudah lupa atau lambat dalam berpikir. Contohnya, Anda bisa lupa menaruh barang, sulit mengikuti percakapan, atau butuh waktu lebih lama untuk memahami sesuatu.
Selain itu, koordinasi tubuh bisa sedikit terganggu, misalnya tangan terasa canggung saat menulis atau berjalan terasa lebih lambat dan kurang seimbang.
4. Mulut kering
Banyak pengguna alprazolam mengeluhkan mulut menjadi kering, seperti setelah makan makanan asin atau kurang minum. Akibatnya, bibir bisa pecah-pecah atau terasa sulit bicara.
5. Mual atau masalah pencernaan ringan
Efek samping alprazolam bisa menyerang sistem pencernaan. Beberapa orang mungkin mengalami mual, ingin muntah, atau perut terasa tidak nyaman setelah minum obat ini. Keluhan ini biasanya ringan dan akan menghilang dengan sendirinya.
6. Perubahan suasana hati
Selain menenangkan, alprazolam terkadang juga menyebabkan perubahan emosi. Penggunanya bisa jadi merasa cemas tanpa sebab, mudah tersinggung, atau tiba-tiba sedih. Misalnya, hal kecil yang biasanya tidak mengganggu jadi terasa menyebalkan atau tanpa alasan jelas merasa tidak bersemangat.
Efek samping di atas umumnya bersifat sementara dan akan berkurang seiring tubuh menyesuaikan diri dengan obat. Namun, jika efek samping alprazolam mulai mengganggu aktivitas sehari-hari atau tidak kunjung membaik, sebaiknya konsultasikan ke dokter untuk penyesuaian dosis atau jadwal penggunaan.
Selain efek samping umum, ada juga risiko efek samping alprazolam yang lebih berat dan memerlukan perhatian medis segera, yakni:
Gangguan pernapasan, terutama jika alprazolam dikonsumsi bersama obat tidur, alkohol, atau pada orang dengan gangguan paru-paru
Reaksi alergi, seperti ruam kulit, gatal-gatal, bengkak di wajah atau bibir, hingga kesulitan bernapas
Kejang atau gangguan irama jantung bisa terjadi pada pengguna dosis tinggi atau penyalahgunaan obat
Perubahan perilaku atau mood, misalnya cepat marah, cemas berlebihan, depresi, atau muncul keinginan untuk menyakiti diri
Gejala putus obat, seperti gelisah berat, kejang, atau halusinasi, juga bisa timbul jika alprazolam dihentikan mendadak setelah penggunaan jangka panjang.
Bila digunakan sesuai petunjuk dokter, alprazolam tidak menimbulkan risiko infeksi ataupun komplikasi berat. Akan tetapi, penyalahgunaan atau konsumsi alprazolam yang berlebihan meningkatkan risiko efek samping serius, overdosis, bahkan kematian.
Tips Aman Menghindari Efek Samping Alprazolam
Untuk mencegah efek samping alprazolam, ikutilah tips berikut ini:
Konsumsi alprazolam sesuai resep dan anjuran dokter.
Jangan menambah atau menghentikan dosis obat tanpa konsultasi dengan dokter.
Informasikan pada dokter, jika Anda memiliki riwayat penyakit jantung, gangguan pernapasan, gangguan mental, atau sedang minum obat lain yang berpotensi berinteraksi dengan alprazolam.
Bila Anda mengalami efek samping alprazolam yang ringan, inilah beberapa cara yang bisa dilakukan untuk mengatasinya:
Perbanyak minum air putih.
Isap permen yang bebas gula agar mulut tetap lembap.
Hindari makanan berlemak dan pedas.
Konsumsi makanan ringan yang sehat, seperti buah-buahan atau sayuran, untuk mengatasi mual.
Istirahat yang cukup dan hindari aktivitas yang berat atau kegiatan yang membutuhkan konsentrasi penuh, seperti menyetir.
Bangun perlahan-lahan dari posisi duduk atau tidur.
Catat semua perubahan emosi yang terjadi selama konsumsi alprazolam untuk bisa dibicarakan dengan dokter.
Lakukan kegiatan yang positif, seperti olahraga secara rutin.
Jika Anda mengalami gejala berat setelah konsumsi alprazolam, seperti sesak napas, kejang, pingsan, atau reaksi alergi parah, segera cari pertolongan ke IGD rumah sakit terdekat.
Bila efek samping ringan tidak membaik, Anda dapat memanfaatkan fitur Chat Bersama Dokter di aplikasi ALODOKTER untuk mendapat saran medis dengan cepat dan mudah. Nantinya, dokter bisa menyesuaikan dosis obat atau mengganti obat sesuai kebutuhan Anda."
"Perawatan Diri untuk Luka Bakar, Cara Aman dan Efektif di Rumah",KESEHATAN,https://www.alodokter.com/perawatan-diri-untuk-luka-bakar-cara-aman-dan-efektif-di-rumah,Terakhir diperbarui: 10 September 2025,Perawatan diri untuk luka bakar sangat penting guna mencegah infeksi dan mempercepat proses penyembuhan. Langkah...,"Perawatan diri untuk luka bakar sangat penting guna mencegah infeksi dan mempercepat proses penyembuhan. Langkah yang tepat juga bisa membantu mencegah bekas luka dan mencegah kondisi makin parah. Mengetahui pertolongan pertama saat terkena bakar atau benda panas akan membuat Anda lebih tenang saat menghadapi luka bakar ringan di rumah.
Luka bakar karena terkena air panas, minyak, setrika, atau benda panas lain sering terjadi dalam aktivitas sehari-hari. Namun, bila penanganannya keliru, misalnya karena menunda perawatan atau menggunakan bahan sembarangan, justru bisa memperlambat sembuhnya luka dan meningkatkan risiko terjadinya infeksi. 
Oleh karena itu, penting untuk mengetahui langkah perawatan diri untuk luka bakar yang benar sebelum luka semakin memburuk.
Langkah Perawatan Diri untuk Luka Bakar Ringan di Rumah
Supaya luka bakar ringan cepat membaik dan tidak semakin parah, berikut ini beberapa langkah perawatan mandiri yang bisa Anda lakukan:
1. Dinginkan area luka
Segera siram area luka bakar dengan air mengalir bersuhu normal (bukan air es) selama 10–20 menit. Langkah pertama dari perawatan diri untuk luka bakar ini dapat membantu mengurangi rasa panas dan mencegah kerusakan jaringan yang lebih luas. 
Proses pendinginan sebaiknya dilakukan sesegera mungkin setelah terkena luka bakar agar panas tidak menyebar lebih dalam ke kulit. Dengan langkah ini, rasa nyeri biasanya akan berkurang dan risiko terbentuknya lepuh dapat diminimalkan.
2. Bersihkan luka dengan lembut
Cuci luka secara perlahan menggunakan air matang suhu normal atau larutan garam steril (NaCl) untuk menghilangkan kotoran tanpa menambah iritasi. Hindari menggosok luka terlalu keras agar jaringan kulit yang baru tidak rusak. 
Jangan gunakan sabun, alkohol, atau hidrogen peroksida karena bahan-bahan ini dapat membuat kulit semakin kering, menimbulkan rasa perih, dan justru bisa memperlambat proses penyembuhan luka.
3. Tutup luka dengan kain bersih
Setelah luka dikeringkan perlahan, tutup dengan kain kasa steril atau kain bersih yang tidak menempel pada luka. Menutup luka merupakan perawatan diri untuk luka bakar yang penting karena bertujuan mencegah kotoran, debu, dan kuman masuk ke area yang terluka sehingga risiko infeksi dapat diminimalkan. 
Pastikan kain atau kasa yang digunakan benar-benar bersih dan diganti secara rutin setiap hari agar luka tetap terlindungi selama proses penyembuhan.
4. Hindari mengoleskan bahan rumahan
Jangan oleskan odol, minyak, atau bahan tradisional lainnya pada luka bakar karena bisa menyebabkan iritasi atau memperparah infeksi. Penggunaan bahan-bahan tersebut juga dapat menutup permukaan luka sehingga panas terperangkap dan proses penyembuhan menjadi lebih lambat. 
Selain itu, bahan rumahan yang tidak steril berisiko membawa kuman ke luka dan meningkatkan kemungkinan infeksi.
5. Gunakan salep antibiotik jika perlu
Jika luka terbuka atau melepuh, mengoleskan salep antibiotik tipis setelah luka dibersihkan juga penting sebagai salah satu perawatan diri untuk luka bakar. Kemudian, tutup kembali dengan kasa steril untuk membantu mencegah infeksi. 
Pastikan Anda tidak mengoleskan terlalu tebal dan baca aturan pakainya, serta hentikan penggunaan jika muncul tanda alergi, seperti ruam atau gatal. Jika ragu atau luka tak kunjung membaik, sebaiknya konsultasikan ke dokter ya.
6. Penuhi asupan nutrisi
Asupan nutrisi yang cukup, terutama protein, sangat penting dalam proses pemulihan luka bakar. Protein membantu membangun dan memperbaiki jaringan tubuh yang rusak sehingga luka bisa sembuh lebih cepat.
Selain protein, pastikan Anda juga mengonsumsi makanan yang kaya vitamin C, vitamin A, zinc, serta cairan yang cukup setiap hari. Nutrisi ini berperan penting dalam mendukung daya tahan tubuh dan proses regenerasi kulit setelah luka bakar.
Pilihlah sumber protein, seperti ikan, daging ayam, telur, tahu, tempe, serta kacang-kacangan. Untuk vitamin dan mineral, perbanyak konsumsi buah-buahan dan sayuran segar, ya. 
7. Amati perkembangan luka
Ganti perban setiap hari dan perhatikan tanda-tanda infeksi, seperti nanah, luka makin merah, bengkak, atau nyeri yang dirasa semakin parah. Memantau kondisi luka secara rutin penting agar penanganan bisa segera dilakukan jika muncul gejala infeksi pada luka bakar. 
Jika luka tidak kunjung membaik dalam beberapa hari atau justru bertambah parah, sebaiknya segera konsultasikan ke dokter untuk mendapatkan perawatan lebih lanjut. 
Selain itu, lakukan juga beberapa hal ini sebagai langkah perawatan diri untuk luka bakar:
Jangan pecahkan lepuh yang muncul pada luka bakar agar perlindungan kulit tetap terjaga.
Bila luka terasa nyeri, boleh gunakan obat pereda nyeri seperti paracetamol, sesuai petunjuk.
Selalu perhatikan gejala infeksi dan segera cari pertolongan medis jika keluhan memburuk.
Perawatan diri yang benar dapat mempercepat pemulihan luka bakar ringan, sekaligus mencegah infeksi dan bekas luka. Namun, jangan lupa untuk selalu mencuci tangan sebelum dan sesudah merawat luka agar penyebaran kuman bisa dicegah.
Jika luka bakar meluas, terasa sangat nyeri, bernanah, atau terjadi di wajah, tangan, alat kelamin, ataupun sangat dalam, segera konsultasikan ke dokter atau langsung ke IGD rumah sakit terdekat. Untuk luka bakar ringan, Anda juga dapat menggunakan fitur Chat Bersama Dokter terlebih dulu guna mendapatkan panduan perawatan diri untuk luka bakar yang sesuai tanpa perlu keluar rumah."
7 Serum Rambut yang Bagus dan Wajib Dicoba,HIDUP SEHAT,https://www.alodokter.com/serum-rambut-yang-bagus-dan-wajib-dicoba,Terakhir diperbarui: 10 September 2025,Serum rambut yang bagus menjadi pilihan utama untuk menjaga kesehatan dan keindahan rambut. Berkat kandungan...,"Serum rambut yang bagus menjadi pilihan utama untuk menjaga kesehatan dan keindahan rambut. Berkat kandungan nutrisi khusus di dalamnya, serum rambut mampu mengatasi berbagai masalah, seperti rambut kering, rontok, bercabang, hingga tampak kusam.
Tidak cukup hanya dengan keramas dan menggunakan kondisioner, penting juga untuk memakai serum rambut untuk perawatan rambut yang optimal. Serum rambut yang bagus mengandung nutrisi dan bahan aktif yang dapat menembus batang rambut hingga ke lapisan terdalam, sehingga dapat memperbaiki struktur rambut yang rusak.
Kini, ada banyak pilihan serum rambut di pasaran. Agar tidak salah pilih dan mendapatkan hasil yang sesuai harapan, ada beberapa rekomendasi serum rambut yang bagus sesuai kebutuhan rambut Anda.
Rekomendasi Serum Rambut yang Bagus
Serum rambut yang bagus biasanya mengandung pelembap alami, seperti minyak argan, agar rambut tetap lembap dan berkilau. Produk ini juga dilengkapi vitamin dan antioksidan, seperti vitamin E atau pro-vitamin B5, untuk menguatkan akar dan membantu pertumbuhan rambut.
Serum rambut juga sebaiknya tidak mengandung alkohol berlebih, paraben, atau sulfat agar aman untuk kulit kepala. Agar Anda tidak bingung memilihnya, berikut ini adalah rekomendasi serum rambut yang bagus:
Makarizo Vitaglitz Hair Serum Revitalizing Care 8 ml
Harga: Rp28.000 per tube
Beli Makarizo Vitaglitz Hair Serum Revitalizing Care 8 ml di Aloshop
Beli di Aloshop
Serum rambut yang bagus dari Makarizo mengandung vitamin E, keratin, dan argan oil. Berbagai kandungan tersebut bermanfaat untuk menutrisi rambut dari akar hingga ujung, membuat rambut lebih halus dan mudah diatur, memperkuat rambut, serta melindungi batang rambut dari kerusakan akibat panas dan bahan kimia.
Pemakaian serum rambut ini cocok untuk Anda yang sering mewarnai rambut secara berulang atau menggunakan alat penata rambut, seperti hair dryer atau catokan. Dengan rutin memakai serum, rambut pun kembali terlihat lebih sehat dan berkilau.
Erhair Df Hairgrow Serum 8ml
Harga: Rp41.130 per piece
Beli Erhair Df Hairgrow Serum 8ml di Aloshop
Beli di Aloshop
Dengan kandungan ekstrak ginseng, biotin, dan niacinamide, serum rambut yang bagus ini mampu mendorong pertumbuhan rambut dan menguatkan akar. Cocok untuk mengatasi rambut rontok dan memperbaiki tekstur rambut yang kasar.
Watsons Repairing Hair Serum 100 ml
Harga: Rp94.050 per botol
Beli Watsons Repairing Hair Serum 100 ml di Aloshop
Beli di Aloshop
Serum ini kaya akan kandungan vitamin, mineral, dan asam lemak omega-3 yang bermanfaat untuk memperbaiki serta melembapkan rambut kering dan rusak. Serum rambut yang bagus dari Watsons cocok untuk rambut bercabang atau kusam karena paparan sinar matahari.
LOreal Paris Elseve Extraordinary Oil Gold Hair Treatment Serum 30 ml
Harga: Rp80.500 per botol
Beli LOreal Paris Elseve Extraordinary Oil Gold Hair Treatment Serum 30 ml di Aloshop
Beli di Aloshop
Serum rambut yang bagus dari Loreal diperkaya dengan kandungan 6 ekstra bunga, yakni lotus, chamomile, rose, tiare, linseed, dan soybean.
Dengan kandungan ini, pemakaian serum rambut secara rutin dapat memberikan kelembapan ekstra serta membuat rambut lebih berkilau dan halus. Serum ini sangat cocok untuk mengatasi rambut kering dan susah diatur.
XL Professional Hair Serum Invigorating 125 ml
Harga: Rp145.200 per botol
Beli XL Professional Hair Serum Invigorating 125 ml di Aloshop
Beli di Aloshop
Serum rambut ini mengandung olive oil dan pro-vitamin B5 yang membantu menutrisi sekaligus memperbaiki rambut kering dan patah. Sangat cocok untuk rambut yang sering terkena panas akibat pemakaian alat penata rambut.
Rudy Hair Growth Serum 9 ml Isi 6
Harga: Rp127.490 per pack
Beli Rudy Hair Growth Serum 9 ml Isi 6 di Aloshop
Beli di Aloshop
Serum rambut dari Rudy dibuat khusus untuk mengatasi kerontokan rambut, merangsang pertumbuhan rambut, dan menguatkan akar rambut. Produk ini mengandung kombinasi bahan alami, seperti sophora root extract, tripeptide complex dan soybeans protein, serta hydrolyzed sericin.
Kombinasi kandungan tersebut dapat memperlancar sirkulasi darah di akar rambut dan menjaga kulit kepala agar tetap sehat. Pemakaian serum rambut ini cocok untuk rambut rontok dan tipis.
Tresemme Keratin Smooth Shine Serum 97 ml
Harga: Rp230.450 per botol
Beli Tresemme Keratin Smooth Shine Serum 97 ml di Aloshop
Beli di Aloshop
Serum rambut yang bagus dari Tresemme cocok untuk mengatur rambut yang kusut. Dengan kandungan keratin dan diperkaya dengan marula oil, serum ini dapat menghaluskan, menutrisi, dan memberi kilau pada rambut. Serum rambut Tresemme Ideal untuk rambut yang mengembang, kering, dan susah diatur.
Agar manfaat serum rambut yang bagus bisa optimal, ikutilah langkah-langkah pemakaian berikut:
Cuci rambut terlebih dahulu dengan sampo, lalu bilas hingga bersih.
Keringkan rambut dengan handuk hingga setengah kering.
Ambil beberapa tetes serum rambut ke telapak tangan.
Usapkan serum secara merata pada rambut, terutama pada bagian yang paling rusak dan kering.
Fokuskan penggunaan serum rambut di batang hingga ujung rambut agar rambut tetap terasa ringan dan tidak lepek.
Biarkan serum meresap tanpa perlu dibilas, lalu tata rambut seperti biasa.
Merawat rambut dengan serum yang tepat akan membantu rambut tampak sehat, kuat, dan indah. Jangan lupa untuk selalu perhatikan cara pemakaian dan reaksi kulit kepala setelah penggunaan.
Jika Anda mengalami iritasi, gatal yang parah, atau rambut rontok berlebihan, segera hentikan pemakaian dan konsultasikan kondisi Anda ke dokter melalui fitur Chat Bersama Dokter agar bisa mendapatkan solusi terbaik dan cepat."
7 Menu Diet Sehat Seminggu yang Bernutrisi,HIDUP SEHAT,https://www.alodokter.com/7-menu-diet-sehat-seminggu-yang-bernutrisi,Terakhir diperbarui: 10 September 2025,Menu diet sehat seminggu adalah solusi praktis bagi Anda yang ingin menjalani pola makan sehat...,"Menu diet sehat seminggu adalah solusi praktis bagi Anda yang ingin menjalani pola makan sehat tanpa perlu bingung memilih makanan setiap hari. Dengan menu yang seimbang dan bergizi, tubuh tetap bertenaga, berat badan terjaga, dan risiko penyakit dapat dikurangi.
Mengatur menu diet sehat seminggu tidak hanya soal membatasi kalori, tetapi juga memastikan asupan nutrisi harian lengkap, mulai dari karbohidrat kompleks, protein, serat, hingga vitamin serta mineral.
Banyak orang salah paham bahwa diet berarti makan sangat sedikit atau menahan lapar. Padahal, kunci utama diet sehat adalah memilih jenis dan porsi makanan yang tepat secara konsisten.
Pilihan Menu Diet Sehat Seminggu
Agar manfaat diet lebih optimal, menu diet sehat seminggu sebaiknya mencakup kombinasi makanan utama dan camilan sehat di antara waktu makan. 
Berikut ini adalah beberapa rekomendasi menu diet sehat seminggu yang bisa Anda coba:
1. Oatmeal dan pisang
Oatmeal adalah salah satu sumber karbohidrat kompleks yang baik untuk sarapan. Kandungan serat larut di dalam oatmeal dapat membantu menurunkan kadar kolesterol, menjaga kadar gula darah tetap stabil, dan membuat Anda kenyang lebih lama. 
Sementara itu, pisang merupakan buah yang tinggi kalium dan serat, serta rendah kalori. Buah ini mudah dicerna, membantu menjaga kesehatan sistem pencernaan, dan bisa menjadi alternatif camilan yang sehat. 
Kombinasi oatmeal dan pisang saat sarapan dapat menjaga stamina tubuh, mencegah rasa lapar datang terlalu cepat, serta memenuhi kebutuhan vitamin dan mineral harian Anda.
2. Roti gandum dan telur rebus
Roti gandum mengandung karbohidrat kompleks dan serat yang membantu menahan rasa lapar lebih lama. Selain itu, roti gandum juga kaya vitamin B dan mineral, yang berperan penting dalam proses pembentukan energi di dalam tubuh. 
Sedangkan protein dalam telur rebus bisa membantu memperbaiki jaringan tubuh dan menjaga massa otot, sekaligus memberikan rasa kenyang lebih lama.
Mengonsumsi roti gandum dan telur rebus bisa menjadi pilihan menu diet sehat seminggu yang membantu memenuhi asupan nutrisi tubuh.
3. Nasi merah dan dada ayam tanpa kulit
Pilihan menu diet sehat seminggu yang bisa Anda coba lainnya adalah nasi merah dan dada ayam tanpa kulit. Hal ini karena nasi merah mengandung serat dan vitamin B yang lebih tinggi dibanding nasi putih, sehingga membantu menjaga pencernaan tetap sehat dan energi bertahan lebih lama.
Selain itu, dada ayam tanpa kulit adalah sumber protein tanpa lemak yang baik untuk menjaga kesehatan otot dan memperbaiki jaringan tubuh. Protein juga memberikan rasa kenyang lebih lama, sehingga membantu mencegah makan berlebihan.
4. Tahu dan brokoli
Tahu adalah sumber protein nabati yang rendah kalori dan kaya kalsium, sehingga cocok untuk dijadikan sebagai menu diet sehat seminggu. Protein dari tahu membantu membangun dan memperbaiki jaringan tubuh. 
Sementara kandungan isoflavon di dalam tahu bermanfaat untuk kesehatan jantung dan tulang. Selain itu, tahu juga mudah diolah menjadi berbagai menu lezat sesuai selera.
Brokoli mengandung vitamin C, vitamin K, serat, dan antioksidan yang sangat baik untuk mendukung sistem kekebalan tubuh dan menjaga kesehatan pencernaan. Konsumsi tahu dan brokoli dalam satu menu dapat membantu memenuhi kebutuhan protein, vitamin, dan serat harian secara efisien.
5. Ikan dan sayur bayam
Ikan, seperti ikan kembung, kaya akan protein dan asam lemak omega-3 yang membantu menjaga fungsi otak dan jantung. Konsumsi ikan secara rutin juga dapat menurunkan risiko penyakit jantung dan membantu meningkatkan daya tahan tubuh selama diet.
Bayam adalah sayuran hijau yang penuh dengan zat besi, vitamin A, vitamin C, dan antioksidan yang baik untuk kesehatan mata, kulit, serta sistem imun. Kandungan seratnya juga membantu memperlancar sistem pencernaan.
Menu ikan dan bayam sangat cocok untuk makan siang atau malam, karena memberikan nutrisi lengkap yang dibutuhkan tubuh selama program diet.
6. Yoghurt rendah lemak dan apel
Yoghurt rendah lemak mengandung probiotik yang dapat membantu menjaga kesehatan pencernaan dan meningkatkan daya tahan tubuh. Yoghurt juga bisa menjadi pilihan cemilan sehat yang membantu menahan rasa lapar di antara waktu makan.
Apel adalah buah kaya serat dan vitamin C yang bermanfaat untuk membantu menurunkan kadar kolesterol serta memperkuat sistem kekebalan tubuh. Mengonsumsi apel dapat membantu menahan rasa lapar lebih lama, karena seratnya memperlambat proses pencernaan.
Kombinasi yoghurt rendah lemak dan apel sangat cocok untuk menu diet sehat seminggu di pagi atau sore hari agar tubuh tetap segar dan berenergi.
7. Kentang rebus dan tempe
Kentang rebus adalah sumber karbohidrat kompleks yang rendah lemak dan bisa membantu mengenyangkan tanpa banyak kalori. Kandungan vitamin C, kalium, serta serat pada kentang baik untuk kesehatan jantung dan metabolisme tubuh. 
Tempe merupakan makanan tradisional Indonesia yang kaya akan protein nabati, serat, serta berbagai vitamin dan mineral. Proses fermentasi pada tempe membuatnya mudah dicerna dan mengandung probiotik yang menyehatkan pencernaan.
Menu kentang rebus dan tempe cocok sebagai makan siang atau malam untuk mendukung kebutuhan nutrisi saat diet sehat.
Tips Penting untuk Sukses Menjalani Menu Diet Sehat Seminggu
Agar manfaat menu diet sehat seminggu bisa dirasakan optimal, berikut beberapa hal penting yang perlu diperhatikan:
Pilih metode memasak yang lebih sehat, seperti merebus, mengukus, atau memanggang, untuk mengurangi asupan lemak berlebih.
Selalu sisipkan sayur dan buah pada setiap waktu makan agar kebutuhan serat, vitamin, dan mineral tercukupi.
Batasi konsumsi gorengan, makanan tinggi gula, dan minuman kemasan manis yang dapat meningkatkan risiko terjadinya penyakit metabolik, seperti diabetes dan kolesterol tinggi.
Cukupi kebutuhan cairan dengan minum air putih minimal 8 gelas sehari untuk membantu proses metabolisme.
Hindari melewatkan waktu makan atau mengurangi porsi secara berlebihan karena hal ini dapat membuat tubuh cepat lemas, mudah lapar, atau sulit berkonsentrasi.
Menu diet sehat seminggu tidak hanya bermanfaat untuk menjaga berat badan, tetapi juga membantu memperbaiki pola makan harian, mendukung daya tahan tubuh, dan menjaga energi sepanjang hari. 
Bila Anda memiliki kondisi kesehatan khusus, sebaiknya konsultasikan dengan dokter atau ahli gizi sebelum menjalani diet untuk memastikan menu yang dipilih sesuai dengan kebutuhan.
Jika Anda membutuhkan panduan lebih lanjut atau masih bingung merancang menu diet sehat seminggu yang sesuai, manfaatkan fitur Chat Bersama Dokter di aplikasi ALODOKTER untuk konsultasi langsung dengan dokter secara mudah, cepat, dan terpercaya."
"KB yang Paling Aman, Ini Pilihan Terbaik dan Tips Memilihnya",KELUARGA,https://www.alodokter.com/kb-yang-paling-aman-ini-pilihan-terbaik-dan-tips-memilihnya,Terakhir diperbarui: 10 September 2025,KB yang paling aman sering menjadi pertimbangan utama bagi wanita dan pasangan yang ingin menunda...,"KB yang paling aman sering menjadi pertimbangan utama bagi wanita dan pasangan yang ingin menunda kehamilan tanpa mengorbankan kesehatan. Memilih metode kontrasepsi yang tepat tidak hanya memperhitungkan efektivitas, tetapi juga risiko efek samping dan kecocokan dengan kondisi tubuh masing-masing.
Informasi mengenai KB yang paling aman perlu dipahami secara menyeluruh, karena tidak ada satu metode kontrasepsi yang cocok untuk semua orang. Setiap jenis KB memiliki kelebihan dan kekurangan, serta efek samping yang berbeda-beda. Cara kerja, cara penggunaan, serta efek jangka panjang juga penting untuk dijadikan pertimbangan sebelum memutuskan pilihan.
Selain mempertimbangkan keamanan secara umum, kondisi kesehatan, usia, dan kebutuhan khusus, seperti menyusui atau riwayat penyakit tertentu, juga harus jadi prioritas dalam memilih KB yang sesuai dengan Anda.
Jenis KB yang Paling Aman dan Keunggulannya
Berikut adalah beberapa pilihan KB yang secara umum dianggap aman dengan tingkat efektivitas tinggi, beserta keunggulannya:
1. Kondom
Kondom merupakan metode kontrasepsi yang mudah didapat dan tidak memerlukan resep dokter. Cara kerjanya adalah dengan mencegah sperma masuk ke dalam rahim, sehingga tidak terjadi pembuahan. 
Selain itu, kondom juga terbilang sebagai KB yang paling aman karena mampu memberikan perlindungan tambahan terhadap infeksi menular seksual (IMS), baik bagi laki-laki maupun perempuan, dan tidak mengandung hormon sehingga minim risiko efek samping hormonal.
2. KB IUD
Alat kontrasepsi yang umum digunakan selain kondom adalah IUD. Ini adalah alat kecil yang dipasang di dalam rahim dan dapat digunakan selama 3–10 tahun, tergantung jenisnya. KB ini sangat efektif dan menjadi pilihan ideal untuk wanita yang ingin kontrasepsi jangka panjang tanpa perlu repot mengingat jadwal minum pil atau suntik. 
IUD juga menjadi KB yang paling aman untuk ibu menyusui, serta tidak memengaruhi keseimbangan hormon tubuh sehingga efek samping KB ini biasanya ringan.
3. KB implan atau susuk
KB yang aman berikutnya adalah implan atau susuk, yaitu batang kecil yang dipasang di bawah kulit lengan. Alat kontrasepsi jenis ini mampu mencegah kehamilan hingga 3 tahun. Selain itu, kadar hormon yang dilepaskan pun rendah, sehingga risiko efek sampingnya relatif ringan dan tidak mengganggu produksi ASI. 
Implan termasuk metode kontrasepsi yang praktis dan cocok untuk wanita yang ingin perlindungan jangka menengah tanpa perlu repot kontrol berkala.
4. KB suntik progestin
KB suntik berisikan hormon progestin yang disuntikkan setiap 1–3 bulan sekali, sesuai jadwal dari tenaga kesehatan. KB suntik progestin aman untuk ibu menyusui, serta memiliki tingkat efektivitas yang tinggi dalam mencegah kehamilan jika digunakan secara konsisten. 
Hanya saja, penggunaannya tetap perlu dipantau agar Anda tidak lupa jadwal suntik selanjutnya. KB suntik juga bisa menimbulkan efek samping, seperti perubahan siklus haid yang menjadi tidak teratur atau terlambat.
5. Pil KB progestin
Jenis KB yang paling aman berikutnya adalah pil KB progestin. Tidak hanya membantu mencegah kehamilan, pil KB juga menjadi pilihan yang aman bagi ibu menyusui karena kandungannya tidak memengaruhi produksi ASI ibu.
Risiko efek samping pil KB juga cenderung lebih rendah, terutama dalam hal keluhan seperti sakit kepala atau mual. Namun, pil ini harus diminum setiap hari pada jam yang sama agar tingkat efektivitasnya dalam mencegah kehamilan bisa tetap terjaga.
6. Cincin vagina
Cincin vagina adalah alat kontrasepsi berbentuk lingkaran lentur berisi hormon estrogen dan progestin yang dimasukkan ke dalam vagina setiap bulan, lalu dikeluarkan setelah 3 minggu. Cincin ini mencegah kehamilan dengan menghambat ovulasi dan menebalkan lendir serviks.
Cincin vagina dapat digunakan sendiri di rumah dan cukup nyaman jika sudah terbiasa. Efek sampingnya mirip pil KB kombinasi, seperti perdarahan ringan di luar jadwal haid atau nyeri payudara. Alat ini tidak melindungi dari IMS, sehingga sebaiknya digunakan bersamaan dengan kondom jika berisiko tertular penyakit.
7. Cervical cap
Cervical cap adalah alat berbahan silikon atau lateks yang berfungsi menutupi leher rahim agar sperma tidak dapat mencapai sel telur. Penggunaannya harus dipasang sebelum berhubungan seksual dan dilepas beberapa jam setelahnya.
Cervical cap tidak mengandung hormon, sehingga cocok untuk wanita yang sensitif terhadap efek hormonal, dan dapat digunakan berulang kali dengan perawatan yang tepat.
Namun, efektivitasnya paling baik pada wanita yang belum pernah melahirkan secara vagina, dan kadang sulit dipasang untuk beberapa orang. Cervical cap juga tidak melindungi dari IMS.
8. KB Koyo
KB koyo adalah metode kontrasepsi berbentuk plester tipis yang ditempelkan pada kulit di area lengan, perut, punggung, atau bokong. KB koyo mengandung hormon estrogen dan progestin yang akan diserap ke dalam tubuh melalui kulit, kemudian bekerja dengan cara mencegah ovulasi dan menebalkan lendir serviks agar sperma sulit mencapai sel telur.
KB koyo diganti sekali seminggu selama tiga minggu, lalu minggu keempat tidak menggunakan koyo agar menstruasi terjadi. Metode ini sangat praktis, terutama bagi yang sulit disiplin minum pil KB setiap hari. Efektivitasnya mirip dengan pil KB jika digunakan sesuai petunjuk.
Efek samping yang mungkin muncul antara lain iritasi di area kulit yang ditempeli koyo, mual, atau sakit kepala. Tidak semua perempuan cocok menggunakan KB koyo, terutama bagi yang berisiko tinggi terkena penyakit jantung atau migrain berat selalu pastikan konsultasi terlebih dahulu dengan dokter sebelum memilih KB ini.
Hal yang Perlu Diperhatikan Sebelum Memilih KB
Sebelum menentukan pilihan KB yang paling aman, berikut ini adalah beberapa hal penting yang perlu Anda perhatikan lebih dulu:
Konsultasikan kondisi kesehatan dengan dokter, terutama bila Anda memiliki penyakit kronis, seperti hipertensi, diabetes, atau penyakit jantung.
Perhatikan efek samping, misalnya perdarahan di luar haid, perubahan siklus menstruasi, sakit kepala, kenaikan berat badan, atau penurunan gairah seksual.
Pilih KB yang tidak mengganggu produksi ASI apabila sedang menyusui.
Konsistensi dalam penggunaan sangat penting, terutama pada metode pil KB atau suntik.
Berkonsultasi pada dokter untuk mengganti metode KB jika muncul keluhan atau efek samping yang mengganggu.
Saat memilih KB atau alat kontrasepsi apa pun, penting untuk mengutamakan tingkat efektivitas, kenyamanan, dan keamanan Anda. Meski demikian, setiap orang bisa memiliki kebutuhan yang berbeda, tergantung kondisi kesehatan dan gaya hidup.
Oleh karena itu, memilih KB yang paling aman sebaiknya selalu dilakukan setelah berkonsultasi dengan dokter agar metode yang dipilih benar-benar sesuai dengan kondisi tubuh dan kebutuhan Anda. 
Jika Anda masih ragu atau memiliki pertanyaan khusus, manfaatkan fitur Chat Bersama Dokter di aplikasi ALODOKTER ya. Dengan informasi yang tepat, Anda bisa menjalani program KB dengan lebih tenang dan tetap menjaga kesehatan reproduksi."
6 Manfaat Black Garlic Tunggal dan Cara Mengonsumsinya,HIDUP SEHAT,https://www.alodokter.com/6-manfaat-black-garlic-tunggal-dan-cara-mengonsumsinya,Terakhir diperbarui: 10 September 2025,Manfaat black garlic tunggal semakin dikenal karena kandungan antioksidan dan nutrisinya yang tinggi. Bawang putih...,"Manfaat black garlic tunggal semakin dikenal karena kandungan antioksidan dan nutrisinya yang tinggi. Bawang putih hasil fermentasi ini dipercaya dapat membantu menjaga daya tahan tubuh sekaligus menurunkan risiko berbagai penyakit kronis.
Black garlic tunggal adalah bawang putih tunggal yang telah melalui proses fermentasi pada suhu dan kelembapan tertentu selama beberapa minggu. Proses ini membuat warnanya berubah menjadi hitam, rasanya lebih manis, teksturnya lembut, serta kandungan antioksidannya meningkat dibanding bawang putih biasa.
Tidak heran jika black garlic tunggal banyak dimanfaatkan sebagai suplemen alami untuk mencegah berbagai penyakit kronis. Berbagai manfaat garlic tunggal ini tentunya berasal dari kandungan nutrisi penting di dalamnya.
Berbagai Manfaat Black Garlic Tunggal
Black garlic tunggal mengandung antioksidan tinggi, seperti S-allyl-cysteine (SAC), serta vitamin C, kalsium, fosfor, prebiotik, asam amino, senyawa organosulfur, gula alami, dan polifenol.
Berkat kandungan nutrisi di dalamnya, ada beberapa manfaat black garlic tunggal yang bisa Anda dapatkan:
1. Meningkatkan daya tahan tubuh
Kandungan antioksidan dan vitamin C pada black garlic tunggal dipercaya dapat membantu memperkuat sistem kekebalan tubuh. Asupan nutrisi ini dapat melawan radikal bebas yang bisa menyebabkan infeksi atau penyakit.
Dengan daya tahan tubuh yang lebih kuat, tubuh menjadi lebih siap menghadapi serangan virus dan bakteri. Inilah salah satu alasan manfaat black garlic tunggal semakin diminati sebagai suplemen alami.
2. Mendukung kesehatan pencernaan
Fermentasi pada black garlic tunggal menghasilkan senyawa prebiotik yang bermanfaat bagi pertumbuhan bakteri baik di usus. Kondisi ini sangat penting untuk menjaga fungsi dan kesehatan saluran pencernaan.
Dengan pencernaan yang sehat, tubuh lebih mudah menyerap nutrisi dan terhindar dari gangguan, seperti sembelit atau perut kembung.
3. Mengontrol kadar gula darah
Beberapa penelitian menunjukkan bahwa konsumsi black garlic tunggal dapat membantu menurunkan dan menstabilkan kadar gula darah. Efek ini sangat bermanfaat terutama bagi penderita diabetes.
Manfaat black garlic tunggal yang satu ini tentunya dapat membantu mencegah komplikasi akibat gula darah tinggi.
4. Menjaga kesehatan otak
Antioksidan pada black garlic tunggal juga memberikan perlindungan terhadap sel-sel otak dari kerusakan akibat radikal bebas. Perlindungan ini bisa membantu menurunkan risiko penyakit neurodegeneratif, seperti demensia atau Alzheimer. Dengan begitu, fungsi kognitif dan daya ingat dapat tetap optimal seiring bertambahnya usia.
5. Menjaga kesehatan jantung
Black garlic tunggal mengandung senyawa S-allyl-cysteine (SAC) yang terbentuk selama proses fermentasi dan dikenal mampu menurunkan kadar kolesterol jahat (LDL) serta tekanan darah tinggi. Kedua faktor ini sangat penting untuk mencegah terjadinya penyumbatan pembuluh darah dan menjaga kerja jantung tetap stabil.
Selain itu, efek antioksidannya juga membantu mengurangi kerusakan sel akibat radikal bebas yang berperan dalam proses penyakit jantung.
6. Mengurangi risiko terjadinya penyakit kronis
Kandungan antioksidan black garlic tunggal yang lebih tinggi bisa membantu melindungi sel-sel tubuh dari kerusakan. Hal ini berarti tubuh lebih terlindungi dari risiko penyakit kronis, seperti diabetes tipe 2, kanker, atau gangguan degeneratif lainnya.
Rutin mengonsumsi black garlic tunggal sebagai bagian dari pola makan sehat, dapat menjadi salah satu upaya pencegahan dini terhadap berbagai penyakit kronis.
Cara Mengonsumsi Black Garlic Tunggal
Ada berbagai cara untuk mengonsumsi black garlic tunggal. Bawang hitam ini dapat dinikmati langsung atau diolah terlebih dahulu sebagai tambahan pada berbagai hidangan. Black garlic tunggal juga bisa digunakan sebagai pengganti bawang putih biasa untuk memberikan rasa manis dan aroma khas pada masakan.
Anda bisa mencampurkan black garlic tunggal saat memasak daging, sup, atau sayuran untuk memperkaya cita rasa. Selain itu, black garlic tunggal juga sering dikonsumsi sebagai pelengkap, yaitu dengan memotongnya kecil-kecil dan menaburkannya di atas makanan, seperti roti, nasi goreng, tumisan, atau salad.
Meski manfaat black garlic tunggal cukup menjanjikan berdasarkan sejumlah penelitian, efeknya bisa berbeda-beda pada tiap orang. Pola makan sehat dan gaya hidup sehat tetap menjadi kunci utama menjaga kesehatan tubuh.
Jika Anda berminat mencoba black garlic tunggal sebagai suplemen alami, gunakan dalam batas wajar dan pastikan produk yang dikonsumsi sudah terjamin aman.
Selain itu, wanita hamil, sedang menyusui, anak-anak, dan penderita penyakit kronis, sebaiknya tidak mengonsumsi black garlic tunggal tanpa persetujuan dokter karena bukti keamanan masih terbatas.
Jika memiliki kondisi medis khusus atau muncul keluhan setelah mengonsumsi black garlic tunggal, jangan ragu untuk Chat Bersama Dokter melalui aplikasi ALODOKTER. Langkah ini bertujuan agar manfaat black garlic tunggal bisa diperoleh dengan aman dan tidak menimbulkan risiko bagi kesehatan."
5 Efek Samping Minum Rebusan Daun Ciplukan yang Perlu Diwaspadai,HIDUP SEHAT,https://www.alodokter.com/5-efek-samping-minum-rebusan-daun-ciplukan-yang-perlu-diwaspadai,Terakhir diperbarui: 10 September 2025,Efek samping minum rebusan daun ciplukan penting untuk diperhatikan sebelum Anda rutin mengonsumsinya. Meski punya...,"Efek samping minum rebusan daun ciplukan penting untuk diperhatikan sebelum Anda rutin mengonsumsinya. Meski punya banyak manfaat, daun ciplukan bukan berarti tidak memiliki efek samping. Dengan memahami efek sampingnya, Anda bisa mendapatkan manfaat daun ciplukan secara lebih bijak dan aman.
Daun ciplukan (Physalis angulata) telah lama digunakan sebagai obat herbal di Indonesia untuk mengobati berbagai penyakit, seperti diabetes, hipertensi, dan radang sendi. Meski begitu, penelitian mengenai manfaat dan efek samping daun ciplukan pada manusia masih terbatas.
Beberapa kandungan aktif di dalam ciplukan memang diyakini bermanfaat, tapi juga bisa menimbulkan reaksi tertentu pada sebagian orang, terlebih jika dikonsumsi berlebihan atau bersamaan dengan obat lain. 
Oleh karena itu, penting untuk memahami efek samping daun ciplukan sekaligus tindakan pencegahan sebelum rutin mengonsumsi rebusan obat herbal ini.
Berbagai Efek Samping Minum Rebusan Daun Ciplukan
Berikut ini adalah beberapa efek samping minum rebusan daun ciplukan yang umum terjadi:
1. Gangguan pencernaan
Salah satu efek samping minum rebusan daun ciplukan yang cukup sering dikeluhkan adalah munculnya gangguan pencernaan, seperti kembung, mual, muntah, atau diare. Kondisi ini bisa terjadi karena kandungan senyawa aktif di dalam daun ciplukan dapat memicu iritasi ringan pada saluran cerna, terutama pada orang yang lebih sensitif.
Jika Anda mengalami gangguan pencernaan setelah minum rebusan daun ciplukan, sebaiknya hentikan konsumsi terlebih dahulu dan perhatikan apakah keluhan akan membaik.
2. Reaksi alergi
Reaksi alergi juga dapat terjadi sebagai efek samping minum rebusan daun ciplukan, terutama pada orang yang memiliki riwayat alergi terhadap tanaman tertentu. Tanda-tanda alergi yang bisa muncul adalah gatal-gatal, ruam merah, atau bengkak pada kulit, bibir, dan kelopak mata.
Pada kasus yang jarang, reaksi alergi berat bisa memicu sesak napas atau syok anafilaksis. Jika Anda mengalami gejala alergi sesaat setelah mengonsumsi rebusan daun ciplukan, sebaiknya segera hentikan konsumsi dan cari pertolongan medis.
3. Gula darah turun berlebihan
Daun ciplukan banyak digunakan untuk membantu menurunkan kadar gula darah. Namun, konsumsi daun ciplukan bersamaan dengan obat diabetes dapat meningkatkan risiko hipoglikemia atau penurunan gula darah berlebihan. 
Beberapa keluhan yang bisa muncul adalah lemas, berkeringat dingin, pusing, jantung berdebar, bahkan kehilangan kesadaran bila tidak segera ditangani.
Oleh karena itu, penderita diabetes yang rutin minum obat penurun gula darah perlu sangat berhati-hati jika ingin mencoba rebusan daun ciplukan.
4. Gangguan fungsi hati dan ginjal
Meski jarang terjadi, konsumsi rebusan daun ciplukan dalam jangka panjang atau dalam dosis tinggi diyakini dapat memengaruhi fungsi hati dan ginjal. Hal ini berkaitan dengan adanya zat aktif tertentu di dalam daun ciplukan yang berpotensi menimbulkan efek toksik bila digunakan secara berlebihan. 
Efek samping minum rebusan daun ciplukan ini lebih tinggi terjadi pada orang yang memang sudah memiliki gangguan pada organ tersebut.
Untuk menjaga kesehatan hati dan ginjal, sebaiknya hindari konsumsi rebusan daun ciplukan dalam jumlah besar atau secara rutin tanpa pengawasan dokter. 
5. Konsumsi obat tertentu
Kandungan dalam daun ciplukan dapat berinteraksi dengan obat-obatan tertentu, seperti obat diabetes, obat tekanan darah tinggi, atau obat antikoagulan. Interaksi ini bisa menyebabkan obat bekerja terlalu kuat atau justru menjadi kurang efektif, sehingga berisiko menimbulkan efek samping atau komplikasi. 
Untuk mencegah dampak interaksi obat, sebaiknya informasikan pada dokter tentang semua jenis obat atau suplemen herbal yang Anda konsumsi.
Tips Aman Mengonsumsi Rebusan Daun Ciplukan
Agar terhindar dari efek samping rebusan daun ciplukan, berikut langkah-langkah yang sebaiknya dilakukan:
Konsumsi rebusan daun ciplukan dalam jumlah sedikit terlebih dahulu untuk melihat bagaimana reaksi tubuh Anda.
Hindari konsumsi daun ciplukan jika Anda memiliki riwayat alergi terhadap tanaman herbal atau masalah fungsi hati dan ginjal.
Segera hentikan konsumsi jika muncul gejala tidak nyaman, seperti gatal, ruam, muntah, atau pusing.
Penelitian tentang cara pakai, dosis, dan efek samping minum rebusan daun ciplukan masih sangat terbatas. Oleh karena itu, hindari mengonsumsi daun ciplukan sebagai pengobatan utama untuk penyakit tertentu.
Jika sedang mengonsumsi obat tertentu atau memiliki penyakit kronis, diskusikan dulu dengan dokter sebelum mencoba rebusan daun ciplukan. Hal ini dilakukan agar terhindar dari risiko interaksi atau komplikasi yang tidak diinginkan.
Anda bisa memanfaatkan fitur Chat Bersama Dokter di aplikasi ALODOKTER untuk mendapatkan jawaban cepat mengenai efek samping minum rebusan daun ciplukan."
6 Efek Samping Salbutamol dan Tips Mencegahnya,KESEHATAN,https://www.alodokter.com/6-efek-samping-salbutamol-dan-tips-mencegahnya,Terakhir diperbarui: 10 September 2025,"Efek samping salbutamol umumnya hanya berupa keluhan yang ringan dan bersifat sementara. Meski begitu, penting...","Efek samping salbutamol umumnya hanya berupa keluhan yang ringan dan bersifat sementara. Meski begitu, penting untuk mengenali risiko dari konsumsi obat sesak napas ini agar tetap aman dan sesuai dengan anjuran dokter.
Salbutamol bekerja dengan melebarkan saluran napas sehingga membuat pernapasan menjadi lebih lega. Obat ini sering diresepkan untuk meredakan sesak napas akibat asma, PPOK, atau kondisi lain yang menyebabkan penyempitan saluran napas.
Seperti obat pada umumnya, salbutamol dapat menimbulkan efek samping, mulai dari yang ringan hingga efek serius yang memerlukan penanganan medis. Dengan mengetahui efek samping salbutamol, diharapkan Anda bisa lebih waspada dan tidak panik jika muncul keluhan.
Berbagai Efek Samping Salbutamol
Berikut ini adalah beberapa efek samping salbutamol yang umum dialami oleh penggunanya:
1. Sakit kepala
Sakit kepala bisa terjadi terutama di awal penggunaan salbutamol, baik dalam bentuk tablet, sirup, maupun inhaler. Sakit kepala biasanya terasa ringan, seperti kepala terasa tegang. Setelah tubuh menyesuaikan dengan obat, efek samping salbutamol ini umumnya akan hilang dengan sendirinya.
2. Pusing
Pusing yang muncul bisa terasa seperti kepala ringan, melayang, atau susah fokus. Efek samping ini biasanya terjadi sesaat setelah mengonsumsi salbutamol, misalnya setelah menggunakan inhaler.
Jika pusing terasa, sebaiknya Anda duduk dan beristirahat sejenak sampai keluhan mereda. Hindari mengemudi atau menjalankan mesin berat jika masih merasa pusing.
3. Gelisah atau cemas
Salbutamol dapat memengaruhi sistem saraf sehingga menyebabkan perasaan gelisah, gugup, atau jantung berdebar tanpa sebab yang jelas. Beberapa pengguna biasanya merasa tidak bisa tenang atau sulit tidur setelah minum salbutamol.
Efek samping salbutamol ini biasanya akan berkurang jika penggunaan sesuai dosis dan tubuh sudah beradaptasi dengan obat.
4. Mual atau muntah
Sebagian orang merasakan mual, rasa tidak nyaman di lambung, atau bahkan muntah setelah mengonsumsi salbutamol, khususnya dalam bentuk tablet atau sirup. Untuk mengurangi risiko ini, minum obat sesuai petunjuk dokter dan hindari makan berlebihan sebelum konsumsi obat.
5. Tangan dan kaki gemetar (tremor)
Efek samping salbutamol ini berupa getaran halus pada tangan atau jari, sehingga tangan sulit diam saat melakukan gerakan, seperti menulis atau memegang benda kecil. Tremor biasanya ringan dan akan mereda setelah tubuh terbiasa dengan obat.
6. Kram otot
Beberapa orang juga bisa mengalami kram pada otot, misalnya kaki terasa tertarik atau nyeri secara tiba-tiba. Efek ini lebih sering terjadi pada penggunaan salbutamol jangka panjang atau dengan dosis tinggi. Keluhan biasanya akan membaik jika asupan cairan cukup dan banyak beristirahat.
Efek samping ringan salbutamol umumnya tidak berbahaya dan akan membaik dengan sendirinya. Namun, bila disalahgunakan, obat ini dapat menyebabkan efek samping berat yang harus diwaspadai, seperti:
Detak jantung terlalu cepat, terlalu lambat, atau tidak teratur
Nyeri dada
Sesak napas, mengi, atau batuk yang memburuk
Reaksi alergi obat, seperti ruam kemerahan, bengkak pada wajah, kelopak mata, atau bibir, serta sesak napas berat
Jika Anda atau keluarga mengalami salah satu efek samping serius di atas, segera ke IGD rumah sakit terdekat untuk mendapatkan penanganan medis yang cepat dan tepat.
Tips Mencegah Efek Samping Salbutamol
Untuk mencegah efek samping salbutamol, ini adalah beberapa tips yang perlu dilakukan:
Gunakan salbutamol sesuai dosis dan petunjuk dokter.
Jangan menambah atau mengurangi dosis tanpa persetujuan dokter.
Beritahu dokter tentang riwayat penyakit jantung atau kondisi medis lain.
Hindari penggunaan bersamaan dengan obat tertentu tanpa konsultasi dokter.
Lakukan pemeriksaan berkala jika menggunakan salbutamol dalam jangka panjang.
Simpan obat pada tempat yang sesuai dan jauh dari jangkauan anak-anak.
Jangan menggunakan obat yang sudah kedaluwarsa.
Sebagian besar efek samping salbutamol bersifat ringan, apalagi jika digunakan sesuai dosis dan petunjuk dokter. Namun, jika Anda memiliki riwayat penyakit jantung, penting untuk berkonsultasi dengan dokter sebelum mulai menggunakan salbutamol.
Penggunaan salbutamol pada umumnya aman jika Anda mengikuti aturan dan dosis yang diberikan dokter. Bila Anda ingin mengetahui lebih lanjut mengenai efek samping salbutamol, manfaatkan fitur Chat Bersama Dokter di aplikasi ALODOKTER untuk mendapatkan jawaban yang cepat dan terpercaya sesuai kebutuhan Anda."
Perawatan Diri untuk Disfungsi Ereksi yang Paling Ampuh,KESEHATAN,https://www.alodokter.com/perawatan-diri-untuk-disfungsi-ereksi-yang-paling-ampuh,Terakhir diperbarui: 10 September 2025,"Perawatan diri untuk disfungsi ereksi bisa dilakukan dengan menerapkan gaya hidup sehat, seperti rutin berolahraga...","Perawatan diri untuk disfungsi ereksi bisa dilakukan dengan menerapkan gaya hidup sehat, seperti rutin berolahraga serta menjaga kualitas tidur. Berbagai langkah ini bisa menjadi solusi untuk menjaga performa seksual pria tanpa perlu bergantung pada obat-obatan.
Disfungsi ereksi atau impotensi merupakan masalah seksual pria yang banyak dialami, tapi sering dianggap tabu atau memalukan untuk dibicarakan. Padahal, berbagai langkah perawatan diri untuk disfungsi ereksi dapat mengatasi masalah ini, serta memberikan dampak positif pada aspek emosional dan psikologis pria.
Perawatan Diri untuk Disfungsi Ereksi
Berikut beberapa langkah perawatan diri untuk disfungsi ereksi atau impotensi yang ampuh dan aman untuk diterapkan:
1. Rutin berolahraga
Rutin berolahraga merupakan perawatan diri untuk disfungsi ereksi yang paling mudah diterapkan.
Lakukan olahraga secara teratur, seperti berjalan kaki selama 30 menit setiap hari, bersepeda, berenang, senam aerobik, atau senam kegel, untuk meningkatkan aliran darah ke organ vital dan memperkuat otot panggul yang berperan dalam proses ereksi.
Selain itu, olahraga juga bisa membantu menjaga berat badan tetap stabil, sehingga risiko disfungsi ereksi berkurang.
2. Jaga pola makan sehat
Perawatan diri untuk disfungsi ereksi juga bisa dilakukan dengan menjaga pola makan. Perbanyak konsumsi makanan-makanan sehat berikut:
Buah-buahan, seperti apel, kiwi, jeruk, dan alpukat, semangka
Sayur-sayuran, seperti wortel, tomat, dan sayuran hijau
Ikan salmon, tuna, dan sarden
biji-bijian utuh, seperti oats, nasi merah, dan quinoa
Kacang-kacangan, seperti almond, kacang kenari, pistachio
Dark chocolate
Selain itu, batasi makanan yang mengandung lemak jenuh, gula, garam, serta makanan olahan, seperti gorengan, makanan cepat saji, atau minuman manis, agar dapat terhindar dari lemah syahwat.
3. Kelola stres dengan baik
Stres dan kecemasan juga perlu dikendalikan sebagai bagian dari perawatan diri untuk disfungsi ereksi. Aktivitas seperti meditasi, yoga, atau latihan pernapasan bisa membantu menjaga fungsi ereksi. Jika perlu, ajak pasangan berdiskusi atau konsultasikan dengan dokter dan psikolog untuk dapat memperbaiki kualitas seks.
4. Tidur yang cukup dan berkualitas
Perawatan diri untuk disfungsi ereksi juga perlu membiasakan tidur yang cukup, yaitu sekitar 7–9 jam per malam agar kadar hormon dan energi tubuh terjaga. Selain itu, batasi penggunaan gadget sebelum tidur serta ciptakan suasana kamar tidur yang nyaman agar tidur berkualitas.
5. Berhenti merokok dan batasi konsumsi alkohol
Berhenti merokok dan membatasi alkohol juga penting untuk mencegah atau mengatasi disfungsi ereksi. Bukan tanpa alasan, merokok dapat merusak pembuluh darah, sementara konsumsi alkohol berlebihan dapat menurunkan kadar testosteron.
6. Libatkan pasangan
Komunikasi yang terbuka dengan pasangan dapat mengurangi tekanan psikologis dan meningkatkan kepercayaan diri saat berhubungan seksual.
Libatkan pasangan dengan berolahraga, menyiapkan makanan sehat, serta mengelola stres bersama-sama. Dukungan emosional dari pasangan terbukti dapat membantu mengoptimalkan perawatan diri untuk disfungsi ereksi.
7. Konsumsi bahan herbal
Anda juga dapat mengonsumsi bahan herbal, seperti ginseng atau jahe yang diketahui dapat memperbaiki fungsi ereksi. Namun, manfaatnya masih belum terbukti sepenuhnya dan tidak boleh dijadikan pengganti obat medis. Konsultasikan dengan dokter terlebih dahulu sebelum mengonsumsi obat-obatan atau bahan herbal.
Saat mencoba perawatan diri untuk disfungsi ereksi, pahami bahwa tidak semua kasus bisa diatasi secara mandiri. Bila keluhan berlangsung lebih dari beberapa minggu atau bertambah parah, segera konsultasikan dengan dokter secara online melalui Chat Bersama Dokter.
Jangan malu atau menunda mencari bantuan profesional jika perawatan diri untuk disfungsi ereksi tidak efektif. Pasalnya, disfungsi ereksi bisa menjadi tanda penyakit lain yang lebih serius, seperti diabetes, hipertensi, atau gangguan jantung, sehingga diperlukan pemeriksaan dan penanganan yang tepat."
Efek Samping Alprazolam dan Tips Aman Menggunakannya,KESEHATAN,https://www.alodokter.com/efek-samping-alprazolam-dan-tips-aman-menggunakannya,Terakhir diperbarui: 10 September 2025,"Efek samping alprazolam dapat dirasakan oleh siapa saja yang mengonsumsi obat ini, baik untuk mengatasi...","Efek samping alprazolam dapat dirasakan oleh siapa saja yang mengonsumsi obat ini, baik untuk mengatasi gangguan cemas maupun gangguan panik. Untuk menggunakan alprazolam dengan aman, penting bagi Anda memahami risikonya serta cara menangani gejala yang mungkin muncul.
Alprazolam adalah obat golongan benzodiazepine yang sering diresepkan untuk menenangkan pikiran dan mengatasi kecemasan. Meskipun efektif, alprazolam memiliki risiko efek samping, terutama jika digunakan tanpa pengawasan dokter atau melebihi dosis yang dianjurkan.
Efek samping alprazolam bisa muncul dalam waktu singkat. Meski begitu, masalah kesehatan juga bisa timbul, bila obat penenang ini digunakan dalam jangka panjang. Oleh karena itu, penting untuk memahami efek samping alprazolam agar Anda bisa menggunakannya secara aman dan terhindar dari risiko berbahaya.
Efek Samping Alprazolam yang Sering Terjadi
Ada beberapa faktor yang bisa meningkatkan risiko terjadinya efek samping alprazolam, seperti dosis, kondisi kesehatan secara umum, penggunaan obat lain, dan usia. Berikut ini adalah beberapa efek samping ringan hingga sedang dari penggunaan alprazolam:
1. Kantuk dan rasa lelah
Alprazolam bisa menyebabkan penggunanya merasa sangat mengantuk atau lemas, terutama pada beberapa hari pertama penggunaan. Kondisi ini kadang membuat sebagian orang sulit berkonsentrasi saat bekerja atau belajar, bahkan bisa tertidur lebih awal dari biasanya.
2. Pusing atau sakit kepala
Beberapa orang juga bisa merasa kepala yang ringan, berputar, atau nyeri setelah minum alprazolam. Pusing ini bisa terjadi tiba-tiba, terutama saat bangun dari posisi duduk atau tidur. Jika mengalami pusing, sebaiknya duduk atau berbaring sebentar sampai keluhan mereda.
3. Gangguan konsentrasi dan koordinasi
Efek samping alprazolam biasanya juga dapat membuat penggunanya mudah lupa atau lambat dalam berpikir. Contohnya, Anda bisa lupa menaruh barang, sulit mengikuti percakapan, atau butuh waktu lebih lama untuk memahami sesuatu.
Selain itu, koordinasi tubuh bisa sedikit terganggu, misalnya tangan terasa canggung saat menulis atau berjalan terasa lebih lambat dan kurang seimbang.
4. Mulut kering
Banyak pengguna alprazolam mengeluhkan mulut menjadi kering, seperti setelah makan makanan asin atau kurang minum. Akibatnya, bibir bisa pecah-pecah atau terasa sulit bicara.
5. Mual atau masalah pencernaan ringan
Efek samping alprazolam bisa menyerang sistem pencernaan. Beberapa orang mungkin mengalami mual, ingin muntah, atau perut terasa tidak nyaman setelah minum obat ini. Keluhan ini biasanya ringan dan akan menghilang dengan sendirinya.
6. Perubahan suasana hati
Selain menenangkan, alprazolam terkadang juga menyebabkan perubahan emosi. Penggunanya bisa jadi merasa cemas tanpa sebab, mudah tersinggung, atau tiba-tiba sedih. Misalnya, hal kecil yang biasanya tidak mengganggu jadi terasa menyebalkan atau tanpa alasan jelas merasa tidak bersemangat.
Efek samping di atas umumnya bersifat sementara dan akan berkurang seiring tubuh menyesuaikan diri dengan obat. Namun, jika efek samping alprazolam mulai mengganggu aktivitas sehari-hari atau tidak kunjung membaik, sebaiknya konsultasikan ke dokter untuk penyesuaian dosis atau jadwal penggunaan.
Selain efek samping umum, ada juga risiko efek samping alprazolam yang lebih berat dan memerlukan perhatian medis segera, yakni:
Gangguan pernapasan, terutama jika alprazolam dikonsumsi bersama obat tidur, alkohol, atau pada orang dengan gangguan paru-paru
Reaksi alergi, seperti ruam kulit, gatal-gatal, bengkak di wajah atau bibir, hingga kesulitan bernapas
Kejang atau gangguan irama jantung bisa terjadi pada pengguna dosis tinggi atau penyalahgunaan obat
Perubahan perilaku atau mood, misalnya cepat marah, cemas berlebihan, depresi, atau muncul keinginan untuk menyakiti diri
Gejala putus obat, seperti gelisah berat, kejang, atau halusinasi, juga bisa timbul jika alprazolam dihentikan mendadak setelah penggunaan jangka panjang.
Bila digunakan sesuai petunjuk dokter, alprazolam tidak menimbulkan risiko infeksi ataupun komplikasi berat. Akan tetapi, penyalahgunaan atau konsumsi alprazolam yang berlebihan meningkatkan risiko efek samping serius, overdosis, bahkan kematian.
Tips Aman Menghindari Efek Samping Alprazolam
Untuk mencegah efek samping alprazolam, ikutilah tips berikut ini:
Konsumsi alprazolam sesuai resep dan anjuran dokter.
Jangan menambah atau menghentikan dosis obat tanpa konsultasi dengan dokter.
Informasikan pada dokter, jika Anda memiliki riwayat penyakit jantung, gangguan pernapasan, gangguan mental, atau sedang minum obat lain yang berpotensi berinteraksi dengan alprazolam.
Bila Anda mengalami efek samping alprazolam yang ringan, inilah beberapa cara yang bisa dilakukan untuk mengatasinya:
Perbanyak minum air putih.
Isap permen yang bebas gula agar mulut tetap lembap.
Hindari makanan berlemak dan pedas.
Konsumsi makanan ringan yang sehat, seperti buah-buahan atau sayuran, untuk mengatasi mual.
Istirahat yang cukup dan hindari aktivitas yang berat atau kegiatan yang membutuhkan konsentrasi penuh, seperti menyetir.
Bangun perlahan-lahan dari posisi duduk atau tidur.
Catat semua perubahan emosi yang terjadi selama konsumsi alprazolam untuk bisa dibicarakan dengan dokter.
Lakukan kegiatan yang positif, seperti olahraga secara rutin.
Jika Anda mengalami gejala berat setelah konsumsi alprazolam, seperti sesak napas, kejang, pingsan, atau reaksi alergi parah, segera cari pertolongan ke IGD rumah sakit terdekat.
Bila efek samping ringan tidak membaik, Anda dapat memanfaatkan fitur Chat Bersama Dokter di aplikasi ALODOKTER untuk mendapat saran medis dengan cepat dan mudah. Nantinya, dokter bisa menyesuaikan dosis obat atau mengganti obat sesuai kebutuhan Anda."
"Ikan Belida, Sumber Protein Air Tawar yang Lezat dan Kaya Manfaat",HIDUP SEHAT,https://www.alodokter.com/ikan-belida-sumber-protein-air-tawar-yang-lezat-dan-kaya-manfaat,Terakhir diperbarui: 10 September 2025,"Ikan belida merupakan ikan air tawar khas Indonesia yang kaya akan nutrisi, termasuk protein, lemak...","Ikan belida merupakan ikan air tawar khas Indonesia yang kaya akan nutrisi, termasuk protein, lemak sehat, bahkan kalsium. Melimpahnya kandungan nutrisi ikan belida membuatnya bermanfaat untuk tubuh, mulai dari berperan dalam pembentukan otot hingga menjaga kesehatan jantung dan saraf.
Selain terkenal dengan dagingnya yang lembut dan gurih, ikan belida juga menjadi ikon kuliner khas Sumatera Selatan. Ikan ini dikenal luas sebagai bahan utama pembuatan pempek, makanan tradisional yang sangat digemari di Palembang bahkan seluruh Indonesia.
Berkat kelezatan dan kandungan gizinya yang melimpah, ikan belida kerap dipilih sebagai sumber protein andalan untuk dikonsumsi sehari-hari.
Kandungan Nutrisi Ikan Belida 
Manfaat dalam ikan belida didukung oleh nutrisinya yang beragam. Di dalam 100 gram ikan belida, terdapat sekitar 128 kalori dan beragam nutrisi berikut ini:
19–22 gram protein
1–2 gram lemak sehat
35 mg kalsium
135 mg fosfor
50–75 mg natrium
1,8 mg vitamin B1
1,5 mg vitamin B3
2–4 mcg vitamin B12
0,4 mg zinc
Manfaat Ikan Belida untuk Kesehatan Tubuh
Rutin mengonsumsi ikan belida dalam porsi yang tepat bisa memberikan berbagai manfaat untuk kesehatan tubuh. Berikut adalah berbagai manfaat ikan belida:
1. Meningkatkan daya tahan tubuh
Ikan belida mengandung vitamin B12 dan protein yang dapat mendukung produksi sel darah merah dan sistem kekebalan tubuh. Dengan daya tahan tubuh yang kuat, Anda jadi lebih terlindungi dari infeksi sehingga tidak gampang sakit.
2. Menambah energi
Fosfor dalam ikan belida berperan dalam proses pembentukan energi di tingkat sel. Dengan energi yang cukup, Anda bisa lebih bugar dan produktif saat menjalankan aktivitas sehari-hari.
3. Mendukung pembentukan otot
Kandungan protein pada ikan belida cukup tinggi, yaitu sekitar 19–22 gram per 100 gram. Protein sendiri sangat dibutuhkan tubuh untuk membentuk dan memperbaiki otot, jaringan kulit, serta organ lainnya. 
Makanya, konsumsi ikan belida sangat baik untuk anak-anak yang sedang dalam masa pertumbuhan, orang dewasa yang aktif, hingga lansia supaya otot tetap kuat.
4. Mendukung metabolisme tubuh
Beragam nutrisi penting dalam ikan belida, mulai dari protein, lemak sehat, vitamin, hingga mineral, bekerja sama untuk menjaga metabolisme tubuh tetap lancar. Tubuh dengan metabolisme yang baik akan lebih mudah membakar kalori, mempertahankan berat badan ideal, dan memperkuat sistem kekebalan.
5. Menjaga kesehatan jantung
Lemak dalam ikan belida didominasi oleh lemak tak jenuh yang rendah kolesterol. Lemak jenis ini dikenal baik untuk menjaga kesehatan pembuluh darah dan jantung, serta dapat membantu menurunkan risiko terjadinya penyakit jantung koroner. 
Selain itu, mengonsumsi ikan belida juga membantu mengurangi asupan lemak jenuh, terutama jika dibandingkan dengan konsumsi daging merah.
6. Menjaga kesehatan tulang dan gigi
Ikan belida mengandung kalsium dan fosfor dalam jumlah yang cukup tinggi. Kedua mineral ini berperan dalam memperkuat struktur tulang dan gigi, sehingga menurunkan risiko terjadinya osteoporosis serta kerusakan gigi. Asupan kalsium dan fosfor penting untuk anak-anak, ibu hamil, dan lansia.
7. Menjaga fungsi saraf
Ikan belida mengandung vitamin B12 yang berperan penting dalam menjaga kesehatan sistem saraf. Vitamin ini mendukung kinerja saraf tetap optimal, sehingga tubuh dapat beraktivitas tanpa hambatan. Vitamin B12 juga dapat mencegah terjadinya kesemutan atau tubuh mudah lemas.
8. Menurunkan risiko terjadinya anemia
Vitamin B12 dalam ikan belida penting peranannya dalam produksi hemoglobin dan sel darah merah. Kekurangan vitamin B12 bisa menyebabkan anemia, yang ditandai dengan gejala mudah lelah, lesu, dan kurang konsentrasi. Dengan mencukupi kebutuhan vitamin B12 melalui makanan seperti ikan belida, risiko terjadinya anemia bisa dikurangi.
Secara keseluruhan, ikan belida merupakan sumber protein hewani yang bernutrisi dan dapat menjaga kesehatan tubuh secara menyeluruh, asalkan dikonsumsi secara wajar dan diolah dengan cara yang sehat. 
Namun, bagi Anda yang memiliki riwayat alergi ikan atau masalah kesehatan tertentu, selalu perhatikan reaksi tubuh dan konsultasikan ke dokter jika ada keluhan setelah makan ikan ini.
Tips Sehat Mengolah Ikan Belida 
Agar manfaat gizi dari ikan belida tetap optimal, berikut adalah beberapa tips sehat mengolahnya:
Pilih metode memasak seperti dikukus, dipanggang, atau ditumis dengan sedikit minyak untuk mengurangi asupan lemak jenuh.
Atur penggunaan gula dan garam agar tidak berlebihan.
Gunakan bumbu alami, seperti bawang putih, jahe, atau daun jeruk, saat mengolah ikan belida. 
Hindari penggunaan MSG berlebihan ketika memasak ikan belida.
Masak ikan belida hingga benar-benar matang untuk mencegah infeksi parasit atau bakteri.
Konsumsi olahan ikan belida dengan tambahan sayur segar, untuk meningkatkan asupan serat dan menjaga pola makan seimbang.
Mengonsumsi ikan belida sebagai bagian dari menu harian merupakan pilihan bijak untuk mendapatkan protein berkualitas dan nutrisi penting lainnya. Jika Anda memiliki riwayat alergi atau mengalami reaksi tidak biasa setelah mengonsumsi ikan air tawar ini, sebaiknya segera konsultasikan ke dokter. 
Bila masih ragu mengenai porsi yang sesuai atau cara pengolahan ikan belida yang paling sehat, Anda dapat bertanya melalui Chat Bersama Dokter di aplikasi ALODOKTER untuk mendapatkan saran yang tepat. Dengan memilih sumber protein lokal seperti ikan belida, Anda tidak hanya menjaga kesehatan keluarga, tetapi juga turut melestarikan kekayaan kuliner tradisional Indonesia."
"Tomat Buah atau Sayur, Ini Penjelasannya",KESEHATAN,https://www.alodokter.com/tomat-buah-atau-sayur-ini-penjelasannya,Terakhir diperbarui: 10 September 2025,Tomat buah atau sayur selalu menjadi perdebatan menarik di masyarakat Indonesia. Hal ini wajar karena...,"Tomat buah atau sayur selalu menjadi perdebatan menarik di masyarakat Indonesia. Hal ini wajar karena tomat bisa dipakai sebagai bahan masakan layaknya sayur, tetapi secara botani digolongkan sebagai buah. Terlepas dari perdebatan tersebut, tomat juga menyimpan banyak manfaat kesehatan yang penting untuk keluarga.
Perdebatan soal tomat buah atau sayur memang sering bikin bingung. Hal ini bukan tanpa alasan, karena ada cerita menarik di balik kenapa satu bahan sederhana ini bisa dipandang berbeda oleh orang awam, ahli botani, hingga dunia kuliner.
Tomat Buah atau Sayur, Ini Penjelasannya
Agar tidak bingung lagi soal tomat buah atau sayur, yuk simak penjelasannya berikut ini:
Klasifikasi botani
Dalam ilmu tumbuhan atau botani, tomat digolongkan sebagai buah. Hal ini karena tomat terbentuk dari bunga, mengandung biji, dan tumbuh dari bagian ovarium tanaman setelah penyerbukan. 
Sederhananya, setiap tanaman yang buahnya tumbuh dari bunga dan di dalamnya ada biji, seperti tomat, terhitung sebagai buah menurut para ahli. Fakta ini seringkali mengejutkan karena banyak orang selama ini menyangka tomat adalah sayur. 
Aturan serupa juga berlaku untuk tumbuhan lain seperti cabai, mentimun, atau labu, yang secara sains juga tergolong buah.
Klasifikasi kuliner
Berbicara soal dapur dan masakan, tomat hampir selalu dianggap sebagai sayur. Alasannya, tomat punya rasa segar, asam, dan gurih, sehingga lebih cocok dijadikan bahan utama untuk sup, tumisan, atau sambal. Jarang sekali tomat dihidangkan sebagai buah pencuci mulut seperti melon atau semangka. Bahkan di resep-resep masakan rumahan atau restoran, tomat selalu masuk ke daftar sayuran. 
Inilah kenapa di lingkungan kita, saat mendengar pertanyaan tomat buah atau sayur, kebanyakan orang spontan memilih 'sayur' berdasarkan fungsi di masakan sehari-hari.
Manfaat Tomat untuk Kesehatan
Di samping perdebatan tomat adalah buah atau sayur, mengonsumsi buah ini secara rutin bisa memberikan banyak manfaat untuk kesehatan, antara lain:
Membantu menjaga kesehatan jantung
Membantu daya tahan tubuh lebih kuat
Mendukung saluran pencernaan agar tetap sehat
Menjaga kulit tetap segar dan sehat
Membantu menjaga kesehatan mata
Hal yang Perlu Diperhatikan dalam Mengonsumsi Tomat
Tomat umumnya aman untuk dikonsumsi, tetapi agar manfaatnya lebih optimal dan aman, ada beberapa hal yang sebaiknya Anda perhatikan:
Cucilah tomat mentah di bawah air mengalir sebelum dikonsumsi, untuk menghindari pestisida atau kuman dari kulitnya.
Kurangi penggunaan gula atau kental manis saat membuat jus tomat, supaya nutrisi di dalam tomat bisa memberikan manfaat yang optimal.
Jika Anda punya alergi makanan atau masalah kesehatan tertentu, sebaiknya konsultasikan dulu dengan dokter sebelum memperbanyak konsumsi tomat.
Pada kesimpulannya, tomat secara ilmiah adalah buah. Namun, dalam kebiasaan memasak dan pola makan sehari-hari, tomat sering dianggap sebagai sayur karena penggunaannya yang lebih cocok untuk olahan gurih daripada manis.
Meski ada perbedaan cara pandang tentang tomat buah atau sayur, Anda bisa bebas memasukkan tomat dalam menu harian sesuai selera keluarga. Jika masih ragu soal aturan konsumsi atau ingin tahu kandungan gizinya lebih dalam, Anda bisa berkonsultasi dengan dokter melalui fitur Chat Bersama Dokter di aplikasi ALODOKTER."
7 Rekomendasi Vitamin Rambut Kering yang Ampuh,UNCATEGORIZED,https://www.alodokter.com/rekomendasi-vitamin-rambut-kering-yang-ampuh,Terakhir diperbarui: 10 September 2025,"Vitamin rambut kering adalah solusi praktis yang banyak dicari untuk mengatasi masalah rambut kering, kusam,...","Vitamin rambut kering adalah solusi praktis yang banyak dicari untuk mengatasi masalah rambut kering, kusam, dan mudah patah. Rambut yang kering umumnya akan tampak tidak sehat dan sulit diatur, sehingga membuat seseorang jadi kurang percaya diri. Untungnya, pilihan vitamin rambut kering yang tepat bisa membantu memperbaiki tekstur rambut, membuatnya kembali lembut dan berkilau. 
Kondisi rambut kering biasanya dipicu oleh berbagai faktor, seperti sering terpapar sinar matahari, sering menggunakan alat styling, pewarnaan rambut, hingga kurangnya konsumsi nutrisi tertentu. 
Tidak hanya itu, penggunaan sampo yang kurang cocok atau malas memakai kondisioner juga dapat menyebabkan rambut semakin kering. Karena itu, pemilihan produk perawatan rambut yang sesuai sangatlah penting untuk menjaga kesehatan rambut.
Memilih vitamin rambut yang tepat menjadi kunci utama dalam menangani rambut kering dengan cara menutrisi batang rambut serta menjaga kelembapan alaminya.
Pilihan Merek Vitamin Rambut Kering yang Ampuh
Vitamin untuk melembapkan rambut umumnya mengandung bahan-bahan seperti vitamin E, minyak alami, dan protein yang bisa memperbaiki kerusakan pada rambut. Berikut ini beberapa merk vitamin rambut kering yang bisa menjadi pilihan Anda: 
Natur Hair Vitamin Olive Oil & Vitamin E 80 ml
Harga: mulai dari Rp 40.000 per botol
Beli Natur Hair Vitamin Olive Oil & Vitamin E di Aloshop
Beli di Aloshop
Natur Hair Vitamin hadir dalam bentuk cair yang mudah diaplikasikan ke rambut setelah keramas. Produk ini mengandung kombinasi olive oil dan vitamin E yang bermanfaat menutrisi serta melembapkan batang rambut dari akar hingga ujung, sehingga membantu mengurangi rambut kering dan kusam. 
Gunakan Natur Hair Vitamin Olive Oil & Vitamin E sebanyak 2–3 kali seminggu atau sesuai petunjuk pada kemasan. Cara pakainya biasanya dituangkan secukupnya pada telapak tangan lalu ratakan ke batang rambut, hindari area kulit kepala. 
Ellips Hair Vitamin Hair Treatment 6 Kapsul
  Harga: mulai dari Rp 26.000 per strip
Beli Ellips Hair Vitamin Treatment 6 Kapsul di Aloshop
Beli di Aloshop
Ellips Hair Vitamin tersedia dalam bentuk kapsul kecil yang bisa langsung dipatahkan dan dioleskan ke rambut yang setengah kering. Vitamin rambut kering ini mengandung pro-keratin complex dan vitamin A, C, E yang membantu memperbaiki rambut kering, menguatkan, dan membuat rambut lebih mudah diatur.
Namun, hindari pemakaian pada kulit kepala bila Anda sensitif terhadap vitamin atau kandungan parfum. Selain itu, pemakaian berlebihan mungkin akan menimbulkan sensasi lengket atau rambut jadi terasa berat serta berminyak. Oleh karena itu, Ellips Hair Vitamin Kapsul umumnya digunakan satu kapsul saja per pemakaian. 
Samantha Hair Creambath Avocado 30 gram 
Harga: mulai dari Rp 18.000 per sachet
Beli Samantha Hair Creambath di Aloshop
Beli di Aloshop
Vitamin rambut kering yang bisa digunakan berikutnya ialah Samantha Hair Creambath Avocado. Produk ini memanfaatkan ekstrak alpukat yang kaya akan lemak sehat dan vitamin yang terbukti efektif menghaluskan dan melembapkan rambut kering.
Samantha Hair Creambath berbentuk krim yang dapat Anda gunakan setelah keramas layaknya creambath di salon. Cukup aplikasikan krim secara merata ke rambut, diamkan 10–15 menit, lalu bilas hingga bersih. Gunakan cukup 1–2 kali seminggu untuk hasil yang maksimal.
Makarizo Creambath Royal Jelly Extract 200 ml
Harga: mulai dari Rp 64.000 per tube
Beli Makarizo Creambath Royal Jelly Extract 200 ml di Aloshop
Beli di Aloshop
Makarizo Creambath Royal Jelly mengandung royal jelly extract yang dikenal sebagai sumber protein serta nutrisi penting bagi rambut yang kering, rapuh, dan pecah-pecah. Produk ini membantu menjaga kelembapan serta elastisitas rambut yang digunakan dengan cara dioleskan merata ke batang rambut setelah keramas, lalu dibilas. 
Penggunaannya disarankan 1–2 kali seminggu atau sesuai petunjuk pada kemasan ya. Penting juga untuk menghindari kontak langsung dengan mata dan kulit kepala yang luka.
Emeron Hair Vitamin Soft & Smooth 6 Piece
Harga: mulai dari Rp 20.000 per tube
Beli Emeron Hair Vitamin Soft & Smooth 6 Piece di Aloshop
Beli di Aloshop
Seperti produk vitamin rambut kering lainnya, Emeron Hair Vitamin Soft & Smooth mengandung vitamin E. Bedanya, produk ini mengandung sunflower oil yang bermanfaat untuk mengatasi rambut kering, sehingga menjadikan rambut terasa lembut dan mudah diatur. 
Emeron Hair Vitamin pun tersedia dalam bentuk kapsul, sehingga cukup praktis digunakan dengan cara mematahkan tutup kemasan lalu oles gel ke helaian rambut secara merata. Anda cukup menggunakan satu kapsul sekali pakai ya supaya rambut tidak cepat berminyak.
Lucido-L Hair Vitamin Oil For Dry Hair 50 ml
      Harga: mulai dari Rp 51.000 per tube
Beli Lucido-L Hair Vitamin Oil for Dry Hair 50 ml di Aloshop
Beli di Aloshop
Lucido-L adalah vitamin rambut kering yang mengandung vitamin A, C, E, serta argan oil yang mampu melembapkan, menguatkan, dan mengembalikan kesehatan rambut yang rusak dan kering.
Lucido-L Hair Vitamin hadir dalam botol pump 50 ml yang mudah digunakan setelah keramas. Cukup ambil 1–2 pump setiap kali habis keramas, ratakan pada batang rambut, dan jangan lupa untuk hindari area kulit kepala. 
Miranda Hair Vitamin Kukui Nut
Produk vitamin rambut dari Miranda mengandung minyak kukui nut yang kaya akan asam lemak dan vitamin E. Kandungan alami kukui nut tersebut dapat meresap hingga ke lapisan batang rambut untuk menjaga kelembapan rambut.
Terlebih, Miranda Hair Vitamin Kukui Nut hadir dalam bentuk kapsul kecil yang bisa dipatahkan dan dioleskan langsung ke batang rambut yang bersih dan setengah kering. 
Produk ini sebaiknya digunakan sesuai petunjuk pada kemasan, sekali pakai satu kapsul guna menghindari rambut terasa lepek karena dipakai berlebihan.
Nah, itulah beberapa rekomendasi produk vitamin rambut kering yang bisa dipilih sesuai kebutuhan Anda. Agar hasilnya lebih maksimal, sebaiknya gunakan sesuai petunjuk pada kemasan dan hindari pemakaian yang berlebihan. 
Jika terjadi reaksi alergi, iritasi, atau rambut tidak kunjung membaik dan disertai kerontokan parah, kulit kepala gatal parah, serta bercak pada kulit kepala, segera konsultasikan dengan dokter ya."
10 Hair Tonic Penumbuh Rambut Terbaik untuk Melawan Kebotakan,KESEHATAN,https://www.alodokter.com/hair-tonic-penumbuh-rambut-terbaik-untuk-melawan-kebotakan,Terakhir diperbarui: 10 September 2025,Hair tonic penumbuh rambut merupakan solusi untuk mengatasi rambut rontok atau menipis. Hair tonic ini...,"Hair tonic penumbuh rambut merupakan solusi untuk mengatasi rambut rontok atau menipis. Hair tonic ini dapat memperkuat akar rambut dan menstimulasi pertumbuhan rambut baru, sehingga rambut tampak lebih tebal dan sehat.
Rambut rontok atau tipis sering kali disebabkan oleh banyak faktor, mulai dari stres, pola makan tidak seimbang, faktor keturunan, hingga perubahan hormon. Selain itu, perawatan rambut yang tidak tepat serta paparan sinar matahari, polusi, dan zat kimia, juga dapat memperparah kerontokan.
Rambut yang rontok sebanyak 50–100 helai per hari sebenarnya masih tergolong normal. Namun, jika melebihi batas tersebut, maka diperlukan penanganan yang tepat salah satunya dengan menggunakan hair tonic penumbuh rambut.
Hair tonic yang ampuh untuk menumbuhkan rambut biasanya mengandung ekstrak tamanan, vitamin, dan zat aktif yang dapat melancarkan sirkulasi darah di area kepala. Selain itu, hair tonic ini juga dapat menutrisi akar rambut, memperkuat folikel rambut, serta mendukung pertumbuhan rambut baru.
Rekomendasi Hair Tonic Penumbuh Rambut
Berikut beberapa pilihan hair tonic penumbuh rambut yang direkomendasikan untuk melawan kebotakan:
Natur Natural Extract Hair Tonic Aloe Vera 90 Ml
Harga: mulai dari Rp47.640 per botol
Beli Natur Natural Extract Hair Tonic Aloe Vera 90 Ml di Aloshop
Beli di Aloshop
Natur Hair Tonic Aloe Vera mengandung ekstrak lidah buaya, daun kelor, castor oil, serta berbagai kandungan lain untuk menutrisi kulit kepala dan menstimulasi pertumbuhan rambut baru. Kombinasi kandungannya mendukung kesehatan kulit kepala dan memperbaiki rambut rontok dari akar.
Untuk dapat menggunakannya, kocok terlebih dahulu, lalu semprotkan hair tonic secukupnya dan usapkan ke kulit secara merata. Pijat kulit kepala dengan lembut untuk melancarkan peredaran darah ke akar rambut, lalu diamkan tanpa perlu dibilas.
Fortis Long Life Hair Tonic 100 Ml
Harga: mulai dari Rp45.075 per botol
Beli Fortis Long Life Hair Tonic 100 Ml di Aloshop
Beli di Aloshop
Hair tonic penumbuh rambut yang berikutnya adalah Fortis Long Life Hair. Hair tonic ini mengandung vitamin A, E, dan H (biotin), yang dapat menguatkan akar rambut, mengurangi rontok, dan membuat rambut lebih sehat dan berkilau.
Semprotkan Fortis Long Life Hair setelah keramas secara merata, lalu pijat kulit kepala dengan lembut. Gunakan hair tonic ini secara rutin dan sesuai aturan pakai di kemasan agar rambut kembali sehat dan kuat.
Happy Kemiriku Hair Tonic Extra Ginseng 125 Ml
Harga: mulai dari Rp41.465 per botol
Beli Happy Kemiriku Hair Tonic Extra Ginseng 125 Ml di Aloshop
Beli di Aloshop
Happy Kemiriku Hair Tonic Extra Ginseng mengandung ekstrak kemiri dan ginseng yang dikenal dapat memperkuat akar dan menumbuhkan rambut baru. Selain itu, ginseng juga dapat membantu melancarkan sirkulasi darah di kulit kepala.
Untuk dapat menggunakannya, semprot secukupnya ke kulit kepala setelah keramas. Setelah itu, pijat kepala agar tonik meresap ke akar rambut. Gunakan Happy Kemiriku Hair Tonic Extra Ginseng setiap hari dengan rutin untuk mendapatkan hasil yang maksimal.
Makarizo Anti-hair Fall Defense Hair & Scalp Tonic 145 Ml
Harga: mulai dari Rp68.825 per botol
Beli Makarizo Anti-hair Fall Defense Hair & Scalp Tonic 145 Ml di Aloshop
Beli di Aloshop
Makarizo Anti-Hair Fall Defense juga termasuk hair tonic penumbuh rambut yang direkomendasikan. Hair tonic ini diperkaya dengan bahan aktif, seperti ekstrak daun aloe barbadensis, castor oil, serta ekstrak akar ginseng. 
Berbagai kandungan tersebut dapat memperkuat akar rambut, menstimulasi pertumbuhan rambut baru, serta menutrisi kulit kepala sehingga rambut kembali sehat. 
Semprotkan Makarizo Anti-Hair Fall Defense secukupnya ke kulit kepala setelah keramas, lalu pijat dengan gerakan memutar. Gunakan secara teratur atau minimal 2 kali sehari untuk mendapatkan hasil yang maksimal.
Intense Ultimate Care Hair Tonic 35 Ml
Harga: mulai dari Rp84.025 per botol
Beli Intense Ultimate Care Hair Tonic 35 Ml di Aloshop
Beli di Aloshop
Intense Ultimate Care Hair Tonic adalah hair tonic penumbuh rambut yang mengandung 15 jenis asam amino. Kandungan ini dibutuhkan sebagai nutrisi bagi akar rambut agar tumbuh sehat, mengurangi kemungkinan kerusakan rambut, serta mengurangi rontok dan menumbuhkan rambut baru.
Intense Ultimate Care Hair Tonic sebaiknya digunakan setelah keramas. Kocok botol terlebih dahulu, lalu tuangkan secukupnya dan usapkan ke kulit kepala secara merata. Setelah itu, pijat kulit kepala secara lembut agar kandungan asam aminonya dapat terserap maksimal ke dalam rambut. Jika terkena mata, segera bilas dengan air bersih.
Mylea Intensive Hair Tonic 200 ml
Harga: mulai dari Rp87.000 per botol
Beli Mylea Intensive Hair Tonic 200 ml di Aloshop
Beli di Aloshop
Rekomendasi hair tonic penumbuh rambut berikutnya adalah Mylea Intensive Hair Tonic. Produk ini dirancang untuk membantu merawat dan menutrisi rambut agar tetap sehat dan kuat.
Berbagai kandungannya bermanfaat untuk mencegah kerontokan rambut, memperkuat akar rambut, menutrisi kulit kepala, serta merangsang pertumbuhan rambut baru yang lebih tebal, sehat, dan berkilau.
Gunakan hair tonic ini setelah keramas dalam keadaan rambut yang kering. Aplikasikan tonik secara merata, lalu pijat lembut menggunakan ujung jari selama beberapa menit agar tonik meresap. Gunakan secara teratur, setidaknya 2 kali sehari untuk hasil yang optimal.
Naturals by Watsons Aloe Vera Hair & Scalp Tonic 120 ml
Harga: mulai dari Rp93.400 per botol
Beli Naturals by Watsons Aloe Vera Hair & Scalp Tonic 120 ml di Aloshop
Beli di Aloshop
Natural by Watsons Aloe Vera adalah hair tonic penumbuh rambut yang dirancang untuk memberikan kesegaran dan nutrisi secara menyeluruh. Hair tonic ini dilengkapi dengan ekstrak lidah buaya yang dapat Melembapkan kulit kepala dan rambut, serta membantu memperkuat akar rambut sehingga rambut lebih kuat dan tidak mudah rontok.
Cara menggunakannya juga cukup mudah. Semprotkan hair tonic secara merata pada kulit kepala dan rambut yang masih sedikit lembap setelah keramas. Setelah itu, pijat lembut selama beberapa menit, lalu biarkan rambut mengering dengan sendirinya.
Garnier Neril Hair Tonic Anti-Loss Guard 100 Ml
Harga: mulai dari Rp98.450 per botol
Beli Garnier Neril Hair Tonic Anti-Loss Guard 100 Ml di Aloshop
Beli di Aloshop
Garnier Neril Hair Tonic bermanfaat untuk membantu mengurangi kerontokan rambut dan menguatkan akar rambut akibat kekurangan nutrisi.
Hair tonic penumbuh rambut ini diperkaya dengan bahan herbal, seperti chamomile, gandum, serta ekstrak nettle, pohon birch, dan tumbuhan paku ekor kuda, yang diketahui dapat menyehatkan kulit kepala dan menumbuhkan rambut baru yang kuat.
Untuk dapat menggunakannya, tuangkan hair tonic secukupnya di telapak tangan, lalu usapkan ke kulit kepala secara merata sambil dipijat selama 3 menit. Hair Tonic dapat digunakan di rambut yang basah atau kering. Gunakan secara teratur atau minimal 2–3 kali seminggu untuk mendapatkan hasil yang maksimal.
Bio Hair 123 Tonik Rambut Plus Floral Red 210 Ml
Harga: mulai dari Rp109.725 per botol
Beli Bio Hair 123 Tonik Rambut Plus Floral Red 210 Ml di Aloshop
Beli di Aloshop
Bio Hair 123 adalah hair tonic penumbuh rambut yang diperkaya dengan ekstrak rumput obat tradisional, seperti astragali radix, panacis radix, asari radix, dan rosa cantifolia. Hair tonic ini dapat merangsang pertumbuhan rambut, memperkuat akar rambut, serta menjaga kesehatan kulit kepala.
Cara menggunakannya, aplikasikan ke kulit kepala secara merata dalam keadaan kering maupun basah, kemudian pijat lembut kulit kepala. Gunakan 2–3 kali sehari, tiap pagi, siang, dan malam hari.
NR Hair Reactive Tonic 200 ml
Harga: mulai dari Rp120.450 per botol
Beli NR Hair Reactive Tonic 200 ml di Aloshop
Beli di Aloshop
NR Hair Reactive tonic juga direkomendasikan sebagai hair tonic penumbuh rambut terbaik. Produk ini mengandung bahan aktif yang dapat menumbuhkan rambut baru, memperkuat folikel rambut, serta mengurangi kerontokan.
Gunakan NR Hair Reactive Tonic pada kulit kepala dan rambut setelah keramas. Pijat dengan arah memutar pada kulit kepala dengan menggunakan jari tangan. Untuk mendapatkan hasil yang maksimal, gunakan hair tonic ini dengan rutin.
Berbagai produk hair tonic penumbuh rambut di atas dapat membuat rambut kembali sehat dan kuat. Meski begitu, hasil dari penggunaan hair tonic ini bisa bervariasi, karena penyebab rambut rontok atau tipis bisa berbeda-beda.
Nah, apabila Anda masih kesulitan memilih hair tonic penumbuh rambut yang tepat untuk kondisi Anda, jangan ragu untuk berkonsultasi dengan dokter secara online melalui Chat Bersama Dokter. Dengan demikian, dokter dapat menyesuaikan produk dan metode perawatan yang tepat untuk masalah rambut Anda."
"Sakit Perut dan Masalah Empedu, Kenali Gejala dan Penyebabnya",KESEHATAN,https://www.alodokter.com/sakit-perut-dan-masalah-empedu-kenali-gejala-dan-penyebabnya,Terakhir diperbarui: 10 September 2025,Sakit perut dan masalah empedu sering kali muncul tiba-tiba dan sangat mengganggu aktivitas sehari-hari. Rasa...,"Sakit perut dan masalah empedu sering kali muncul tiba-tiba dan sangat mengganggu aktivitas sehari-hari. Rasa nyeri biasanya terasa di perut kanan atas, terutama setelah makan makanan berlemak. Penting untuk mengenali gejala dan penanganan yang tepat agar kondisi ini tidak berkembang menjadi parah.
Sakit perut yang terkait dengan gangguan pada kantong atau saluran empedu kerap disalahartikan sebagai gangguan lambung biasa. Padahal, ada beberapa ciri khas yang membedakan kedua kondisi ini lho.
Tanpa penanganan yang tepat, infeksi atau sumbatan pada empedu bisa berkembang menjadi komplikasi serius, seperti kerusakan organ. Mengenali perbedaan gejala sejak awal dapat membantu Anda menentukan langkah yang tepat dalam menangani sakit perut dan masalah empedu, sehingga risiko komplikasi bisa diminimalkan.
Ciri-Ciri Sakit Perut dan Masalah Empedu yang Perlu Diwaspadai
Inilah gejala yang sering muncul pada sakit perut dan masalah empedu, yang penting untuk Anda kenali:
Nyeri di perut kanan atas yang terasa tajam, bisa menjalar ke punggung atau bahu kanan, dan sering timbul tiba-tiba
Nyeri biasanya muncul setelah mengonsumsi makanan berlemak, dan sering disertai mual, muntah, atau perut kembung
Perut terasa penuh, begah, atau tidak nyaman, bahkan bisa menyebabkan nafsu makan berkurang
Demam, menggigil, atau perubahan warna kulit dan mata menjadi kuning
Warna urine menjadi lebih gelap dan tinja tampak lebih pucat
Pada beberapa kasus, nyeri akibat masalah empedu bisa sangat hebat hingga menyebabkan tubuh lemas atau pingsan
Penyebab dan Faktor Risiko Sakit Perut dan Masalah Empedu
Ada beberapa kondisi yang menjadi penyebab utama sakit perut dan masalah empedu, di antaranya:
1. Batu empedu (kolesistolitiasis)
Batu empedu terbentuk dari endapan kolesterol, bilirubin, atau garam kalsium di kantong empedu. Batu ini bisa menyumbat saluran empedu sehingga aliran empedu dari hati ke usus terhambat. 
Selanjutnya, batu empedu ini menimbulkan sakit perut dan masalah empedu berupa nyeri perut kanan atas mendadak, terutama setelah makan makanan berlemak. Batu empedu juga bisa menyebabkan mual, muntah, dan perut kembung.
2. Peradangan kantong empedu (kolesistitis)
Kolesistitis terjadi ketika batu empedu menutup saluran keluar empedu, sehingga cairan empedu terperangkap dan menyebabkan peradangan. Kondisi ini sering menimbulkan gejala sakit perut dan masalah empedu, seperti nyeri perut kanan atas yang berlangsung lama, demam, mual, muntah, dan perut terasa kencang. 
3. Infeksi saluran empedu (kolangitis)
Infeksi ini biasanya terjadi saat bakteri dari usus masuk ke saluran empedu yang tersumbat, misalnya akibat batu empedu. Kolangitis dapat memperparah sakit perut dan masalah empedu, sebab juga menimbulkan gejala, seperti demam tinggi, menggigil, nyeri perut hebat, kulit dan mata kuning, tekanan darah turun hingga kehilangan kesadaran.
4. Polip empedu
Polip empedu adalah benjolan kecil yang tumbuh pada dinding kantong empedu. Sebagian besar polip bersifat jinak dan tidak menimbulkan gejala. Namun, polip yang besar bisa menyebabkan nyeri dan meningkatkan risiko kanker empedu.
5. Kanker kantong empedu
Walaupun jarang, kanker kantong empedu atau saluran empedu bisa menimbulkan sakit perut dan masalah empedu yang berkepanjangan. Kondisi ini juga biasanya disertai dengan penurunan berat badan tanpa sebab yang jelas, kulit dan mata kuning, serta penurunan nafsu makan. Biasanya, kanker kantong empedu baru terdeteksi pada stadium lanjut.
Risiko sakit perut dan masalah empedu akan meningkat pada orang dengan:
Obesitas atau kelebihan berat badan
Menjalani pola makan tinggi lemak dan rendah serat
Kurang melakukan aktivitas fisik
Berusia di atas 40 tahun
Wanita, terutama selama kehamilan atau setelah melahirkan
Riwayat keluarga dengan penyakit empedu
Penggunaan obat-obatan tertentu, seperti pil KB atau terapi hormon
Komplikasi mulai dari infeksi yang menyebar hingga pecahnya kantong empedu, bisa terjadi jika sakit perut dan masalah empedu tidak segera diatasi,  
Namun, tidak semua nyeri perut kanan merupakan tanda masalah empedu ya. Penyakit lain, seperti tukak lambung dan gangguan usus, juga dapat memberikan gejala serupa. Oleh karena itu, penting untuk memahami perbedaan gejala dan segera mencari pertolongan medis jika nyeri perut yang Anda alami tidak membaik.
Untuk mencegah sakit perut dan masalah empedu, pastikan Anda memilih makanan yang sehat, hindari pola makan tinggi lemak, dan lakukan pemeriksaan rutin jika berisiko tinggi. Segera konsultasikan ke dokter apabila nyeri perut tidak membaik atau disertai demam, muntah berulang, kulit kuning, serta gangguan kesadaran.
Chat Bersama Dokter di aplikasi ALODOKTER dapat menjadi langkah awal untuk memastikan kondisi Anda. Namun, jika ada tanda bahaya, seperti nyeri yang tidak tertahankan atau muntah terus menerus, segera kunjungi IGD rumah sakit terdekat agar bisa ditangani dengan cepat dan tepat."
"Cacing Kremi di Miss V, Ini Penyebab dan Cara Mengatasinya",KESEHATAN,https://www.alodokter.com/cacing-kremi-di-miss-v-ini-penyebab-dan-cara-mengatasinya,Terakhir diperbarui: 9 September 2025,"Cacing kremi di miss V bisa menimbulkan rasa gatal yang sangat mengganggu, terutama di malam...","Cacing kremi di miss V bisa menimbulkan rasa gatal yang sangat mengganggu, terutama di malam hari. Kondisi ini sering menimbulkan kekhawatiran, apalagi jika dialami oleh anak-anak dan remaja. Memahami penyebab serta cara mengatasinya penting agar keluhan cepat teratasi dan tidak kambuh.
Cacing kremi merupakan salah satu infeksi parasit yang cukup sering menyerang anak-anak, khususnya yang belum terbiasa menjaga kebersihan diri. Namun, infeksi cacing kremi di miss V juga bisa terjadi pada remaja atau wanita dewasa. Tidak hanya rasa gatal pada miss V, kondisi ini juga bisa menyebabkan iritasi hingga keputihan.
Penyebab Cacing Kremi di Miss V
Untuk mengatasi cacing kremi di miss V, penyebabnya perlu diketahui lebih dulu. Adapun beberapa penyebabnya adalah:
1. Kebersihan tubuh yang kurang terjaga
Cacing kremi biasanya masuk ke tubuh melalui telur yang tidak sengaja tertelan. Telur ini sangat kecil dan bisa menempel di jari, kuku, atau benda-benda di sekitar. 
Apabila tidak mencuci tangan dengan sabun setelah dari toilet atau sebelum makan, telur cacing yang menempel tersebut bisa masuk ke mulut, lalu menetas di usus. Setelah itu, cacing dewasa keluar ke kulit sekitar anus dan bisa bergerak ke area miss V, terutama pada anak perempuan.
2. Kontaminasi dari pakaian atau sprei
Telur cacing kremi bisa bertahan hidup di permukaan kain, seperti pakaian dalam, sprei, atau handuk, selama beberapa hari. Apabila kain yang terkontaminasi digunakan tanpa dicuci bersih, telur cacing bisa berpindah ke kulit dan area genital.
Anak-anak yang sering berbagi pakaian atau handuk dengan anggota keluarga lain juga lebih berisiko tertular cacing kremi, terutama jika salah satu di antara mereka sudah terinfeksi.
3. Kebiasaan menggaruk area anus
Rasa gatal akibat cacing kremi sering membuat anak atau orang dewasa menggaruk area anus, terutama saat tidur. Telur cacing bisa menempel di jari atau kuku setelah menggaruk. Apabila tangan yang sudah terkontaminasi tersebut menyentuh area miss V, telur cacing bisa berpindah dan menyebabkan infeksi di area tersebut.
4. Perpindahan cacing kremi dari anus ke miss V
Karena lokasi anus dan miss V sangat berdekatan, cacing kremi betina dewasa bisa bergerak dari anus ke miss V saat bertelur, terutama pada malam hari. Perpindahan ini memungkinkan cacing dan telurnya langsung berada di sekitar miss V sehingga infeksi lebih mudah terjadi di area tersebut.
5. Jarang mengganti celana dalam
Celana dalam yang tidak diganti setiap hari bisa menjadi tempat berkumpulnya telur cacing kremi dari area anus. Bila celana dalam tetap dipakai tanpa dicuci bersih, telur cacing bisa berpindah ke kulit atau masuk ke vagina, apalagi jika disertai kebiasaan tidak mencuci tangan setelah dari toilet.
Cara Mengatasi Cacing Kremi di Miss V
Penanganan cacing kremi di miss V perlu dilakukan secara menyeluruh agar infeksi cepat sembuh dan tidak mudah kambuh. Langkah utama dalam menangani kondisi ini adalah mengonsumsi obat cacing yang diresepkan dokter, seperti mebendazole atau albendazole. 
Obat tersebut bekerja dengan membunuh cacing kremi di usus sehingga gejala gatal di area anus ataupun vagina perlahan akan hilang. Biasanya, pengobatan diulang 2 minggu kemudian untuk memastikan semua cacing dan telurnya benar-benar hilang.
Selain minum obat cacing, menjaga kebersihan tubuh dan lingkungan juga penting agar infeksi tidak menyebar ke anggota keluarga lain atau kambuh kembali. Semua anggota keluarga yang tinggal serumah juga sebaiknya ikut menjalani pengobatan. Soalnya, cacing kremi mudah menular melalui tangan, kuku, pakaian, atau sprei.
Adapun beberapa langkah sederhana yang bisa dilakukan untuk mengatasi cacing kremi di miss V serta mempercepat proses penyembuhan adalah:
Rutin cuci tangan dengan sabun, terutama sebelum makan, setelah dari toilet, dan setelah mengganti pakaian dalam.
Ganti celana dalam, sprei, dan handuk setiap hari, lalu mencucinya dengan air panas.
Potong kuku secara berkala agar telur cacing tidak mudah menempel.
Bersihkan area anus dan miss V dengan air hangat setiap kali buang air besar atau buang air kecil.
Hindari kebiasaan menggaruk area anus atau vagina untuk mencegah penyebaran telur cacing.
Jangan berbagi pakai celana dalam, handuk, atau alat mandi secara bergantian dengan orang lain.
Menjaga kebersihan diri, lingkungan, dan kebiasaan di rumah penting untuk mempercepat penyembuhan dan mencegah infeksi cacing kremi di miss V terulang kembali. Ingatkan seluruh anggota keluarga, terutama anak-anak, agar rutin cuci tangan dan tidak menggigit kuku.
Infeksi cacing kremi di miss V umumnya tidak menyebabkan komplikasi serius jika segera diobati. Namun, jika rasa gatal tidak membaik, muncul keputihan berbau, nyeri saat buang air kecil, atau demam, segera konsultasikan ke dokter.
Jika ingin diskusi secara privasi atau merasa malu, konsultasi cepat bisa dilakukan melalui fitur Chat Bersama Dokter di aplikasi Alodokter. Bila infeksi sering kambuh, pemeriksaan langsung ke dokter juga perlu dilakukan untuk memastikan tidak ada masalah lain di area miss V."
6 Obat Telinga Tersumbat yang Melegakan dengan Cepat,KESEHATAN,https://www.alodokter.com/obat-telinga-tersumbat-yang-melegakan-dengan-cepat,Terakhir diperbarui: 11 September 2025,"Obat telinga tersumbat adalah solusi praktis saat telinga terasa penuh, tidak nyaman, atau mendengung akibat...","Obat telinga tersumbat adalah solusi praktis saat telinga terasa penuh, tidak nyaman, atau mendengung akibat sumbatan. Kondisi ini bisa dialami siapa saja dan mengganggu aktivitas sehari-hari. Memilih obat telinga yang tepat membantu meredakan gejala lebih cepat sekaligus mencegah komplikasi. 
Telinga tersumbat biasanya disebabkan penumpukan kotoran, infeksi, alergi, atau cairan setelah berenang. Selain itu, faktor lain, seperti perubahan tekanan udara dan infeksi saluran napas juga dapat menjadi penyebab telinga tersumbat.
Pemilihan obat telinga tersumbat yang tepat sangat penting agar masalah cepat teratasi. Obat yang salah atau digunakan sembarangan bisa memperburuk kondisi, apalagi jika ada luka di gendang telinga. 
Pilihan Obat Telinga Tersumbat yang Ampuh di Apotek
Berikut adalah daftar obat telinga yang bisa membantu mengatasi telinga tersumbat. Produk-produk ini umumnya tersedia dalam bentuk tetes atau minyak dan mudah digunakan di rumah. 
Santadex
Harga: mulai dari Rp27.162 per botol
Beli Santadex di Aloshop
Beli di Aloshop
Santadex mengandung dexamethasone dan chloramphenicol. Dexamethasone berfungsi sebagai antiradang, sedangkan chloramphenicol adalah antibiotik untuk membunuh bakteri penyebab infeksi di telinga. Kombinasi ini membantu meredakan keluhan telinga tersumbat, terutama akibat infeksi yang disertai nyeri dan bengkak.
Santadex tersedia dalam bentuk tetes telinga dan hanya bisa digunakan sesuai petunjuk dokter atau aturan pada kemasan. Umumnya, Santadex digunakan 3–4 tetes ke telinga yang sakit sebanyak 2–3 kali sehari. 
Obat ini tidak dianjurkan untuk ibu hamil dan menyusui, serta anak-anak tanpa anjuran dokter. Hindari penggunaannya jika ada luka pada gendang telinga. Efek samping yang dapat timbul antara lain iritasi ringan atau rasa panas di telinga. 
Forumen
Harga: mulai dari Rp44.505 per botol
Beli Forumen di Aloshop
Beli di Aloshop
Forumen mengandung sodium docusate yang bekerja melunakkan kotoran telinga yang mengeras, sehingga lebih mudah untuk dikeluarkan. Obat ini cocok digunakan jika telinga tersumbat oleh serumen yang menumpuk.
Tersedia dalam bentuk tetes telinga dan dapat dibeli tanpa resep dokter. Cara pemakaiannya, cukup teteskan Forumen sesuai aturan kemasan, tunggu beberapa menit, lalu miringkan kepala agar kotoran keluar. Sebaiknya tidak digunakan pada gendang telinga yang pecah atau mengalami infeksi berat.
Efek samping bisa berupa rasa panas sesaat atau perih yang ringan. Dosis Forumen adalah 5 tetes sebanyak 2–3 kali sehari untuk orang dewasa. Tidak dianjurkan untuk digunakan oleh ibu hamil atau menyusui tanpa berkonsultasi dengan tenaga medis.
Otilon
Harga: mulai dari Rp67.975 per botol
Beli Otilon di Aloshop
Beli di Aloshop
Otilon mengandung phenazone dan lidocaine yang berfungsi membantu meredakan nyeri serta mengurangi peradangan di telinga. Obat ini cocok untuk telinga tersumbat yang disertai rasa sakit.
Otilon hadir dalam bentuk tetes telinga dan dapat digunakan tanpa resep dokter. Penggunaannya cukup mudah, Anda hanya perlu meneteskan obat ke telinga sesuai aturan kemasan atau anjuran tenaga medis. Jangan gunakan jika ada luka pada gendang telinga.
Efek samping ringan dapat berupa rasa hangat atau gatal setelah diteteskan. Dosisnya adalah 4–5 tetes, sebanyak 3 kali sehari. Bagi ibu hamil atau menyusui disarankan untuk berkonsultasi dengan dokter sebelum pemakaian.
Forotic
Harga: mulai dari Rp168.840 per botol
Beli Forotic di Aloshop
Beli di Aloshop
Forotic berisi polymyxin B, neomycin sulphate, dan hydrocortisone acetate. Kombinasi ini berfungsi membunuh bakteri penyebab infeksi dan mengurangi peradangan, sehingga cocok untuk telinga tersumbat akibat otitis eksterna.
Forotic tersedia dalam bentuk tetes telinga dan biasanya digunakan sesuai petunjuk dokter. Obat ini memerlukan resep dokter, terutama untuk anak-anak, ibu hamil, atau pasien alergi.
Efek samping Forotic dapat menyebabkan iritasi ringan atau rasa terbakar. Dosisnya adalah 2–3 tetes, sebanyak 3–4 kali sehari. 
Vital Ear Oil
Harga: mulai dari Rp26.550 per botol
Beli Vital Ear Oil di Aloshop
Beli di Aloshop
Vital Ear Oil adalah minyak telinga dengan bahan emolien yang membantu melunakkan kotoran telinga serta mencegah penumpukan serumen (serumen prop). Produk ini cocok digunakan untuk kasus telinga tersumbat tanpa infeksi.
Tersedia dalam bentuk minyak tetes telinga dan mudah digunakan di rumah. Teteskan beberapa tetes, diamkan, lalu bersihkan bagian luar telinga dengan kapas. Jangan digunakan jika ada nyeri berat atau keluar cairan dari telinga.
Efek samping umumnya ringan, misal muncul sedikit rasa hangat. Dosisnya adalah 2–3 tetes, sebanyak 1–2 kali sehari. Untuk ibu hamil, menyusui, atau anak, pastikan berkonsultasi terlebih dahulu ke dokter sebelum menggunakannya.
Otopain
Harga: mulai dari Rp140.391 per botol
Beli Otopain di Aloshop
Beli di Aloshop
Otopain mengandung benzocaine, phenazone, dan glycerin yang membantu meredakan nyeri serta melunakkan kotoran di telinga. Berkat kandungan tersebut, obat ini cocok untuk mengatasi telinga tersumbat yang disertai rasa sakit ringan.
Obat telinga tersumbat ini dijual bebas di apotek. Penggunaannya cukup 3–4 tetes, dan dapat diulang beberapa kali sesuai kebutuhan. Jangan digunakan pada gendang telinga yang luka.
Efek samping biasanya ringan, seperti rasa hangat atau sedikit iritasi. Keamanan untuk ibu hamil, menyusui, atau anak-anak perlu dikonsultasikan ke dokter.
Itulah beberapa obat telinga tersumbat yang bisa melegakan telinga Anda. Pilihlah obat yang sesuai dengan penyebab dan kondisi telinga Anda. Jika telinga tersumbat disertai nyeri hebat, keluar cairan atau darah, kehilangan pendengaran mendadak, atau tidak membaik dalam 2–3 hari setelah penggunaan obat, segera periksakan diri ke dokter spesialis THT untuk mengetahui penyebab dan mendapatkan penanganan yang tepat. 
Untuk konsultasi lebih lanjut atau pertanyaan seputar keluhan ringan, Anda juga dapat Chat Bersama Dokter melalui aplikasi ALODOKTER. Perlu diingat, hindari membersihkan telinga dengan alat atau benda asing agar kondisi tidak semakin parah ya."
9 Susu Program Hamil untuk Dukung Keberhasilan Promil,KESEHATAN,https://www.alodokter.com/susu-program-hamil-untuk-dukung-keberhasilan-promil,Terakhir diperbarui: 11 September 2025,Susu program hamil adalah susu yang diformulasikan khusus untuk melengkapi kebutuhan nutrisi selama menjalani program...,"Susu program hamil adalah susu yang diformulasikan khusus untuk melengkapi kebutuhan nutrisi selama menjalani program kehamilan (promil). Jenis susu ini dirancang untuk mendukung kesuburan serta mempersiapkan kondisi tubuh agar lebih optimal, baik bagi calon ibu maupun calon ayah.
Kekurangan nutrisi sering dipengaruhi oleh pola makan yang tidak seimbang, stres, berat badan tidak ideal, kebiasaan merokok, atau jarang berolahraga. Kondisi ini bisa menurunkan peluang keberhasilan kehamilan.
Oleh karena itu, mencukupi asupan gizi, termasuk melalui susu program hamil, dapat menjadi salah satu cara mendukung promil agar lebih optimal. Susu program hamil dapat dikonsumsi oleh wanita maupun pria.
Pilihan Susu Program Hamil Terbaik
Susu program hamil mengandung nutrisi penting untuk menjaga kesehatan tubuh, terutama sistem reproduksi. Kandungan seperti asam folat, zat besi, kalsium, DHA, dan zinc berperan besar dalam mendukung kesuburan serta mempersiapkan tubuh calon orang tua.
Berikut ini pilihan susu program hamil yang dapat dikonsumsi:
SGM Bunda
Harga: mulai dari Rp34.227–Rp35.513 per pack
Beli SGM Bunda Coklat 150 gr di Aloshop
Beli SGM Bunda Stroberi 150 gr di Aloshop
Beli di Aloshop
SGM Bunda adalah susu program hamil yang diformulasikan tinggi zat besi untuk mendukung pertumbuhan dan perkembangan janin. Kandungan DHA dari minyak ikan tuna membantu memperbaiki kualitas ovulasi dan meningkatkan tingkat keberhasilan pembuahan.
Satu gelas SGM Bunda setara dengan 10 gelas susu sapi segar, sehingga bisa menjadi sumber nutrisi lengkap bagi wanita. Susu ini tersedia dalam varian rasa cokelat dan stroberi yang enak. Tekstur lembut dan tidak menyebabkan mual, sehingga nyaman dikonsumsi setiap hari.
Prenagen Esensis
Harga: mulai dari Rp42.926 per dus
Beli Prenagen Esensis French Vanila 180 gr di Aloshop
Beli Prenagen Esensis Coklat 180 gr di Aloshop
Beli di Aloshop
Prenagen Esensis merupakan susu program hamil yang dirancang untuk persiapan kehamilan dengan kandungan zinc, zat besi, dan asam folat. Kombinasi nutrisi ini membantu meningkatkan kesuburan, menjaga sistem reproduksi, serta mencegah cacat tabung saraf pada janin.
Selain itu, Prenagen Esensis rendah lemak sehingga dapat membantu menjaga berat badan calon ibu tetap ideal. Hadir dalam varian rasa vanila dan cokelat yang lezat, susu ini juga kaya vitamin dan mineral, termasuk vitamin B kompleks, vitamin D, fosfor, dan magnesium, yang mendukung kesehatan tubuh sebelum dan selama kehamilan.
Lovamil Stroberi 120 g
Harga: mulai dari Rp28.108 per pack
Beli Lovamil Stroberi 120 g di Aloshop
Beli di Aloshop
Lovamil adalah susu program hamil yang juga dapat dikonsumsi saat menyusui karena mengandung ekstrak daun katuk untuk membantu melancarkan ASI. Susu ini tinggi asam folat, zat besi, kalsium, protein, serta 11 vitamin dan 7 mineral penting untuk mendukung tumbuh kembang janin.
Kandungan serat pangan di dalamnya membantu pencernaan tetap sehat. Dengan rasa vanila yang enak, segelas Lovamil sehari dapat membuat rutinitas promil terasa lebih menyenangkan.
Anmum Materna Coklat 200 gr
Harga: mulai dari Rp61.000 per dus
Beli Anmum Materna Coklat 200 gr di Aloshop 
Beli di Aloshop
Anmum Materna Coklat adalah susu program hamil yang bisa dikonsumsi sejak masa persiapan kehamilan. Susu ini mendukung kesehatan ibu sekaligus meningkatkan peluang terjadinya kehamilan serta mengurangi risiko komplikasi.
Hanya dengan dua gelas per hari, kebutuhan nutrisi penting ibu dapat terpenuhi. Rasa coklatnya lembut dan nyaman di perut, sehingga tetap aman diminum oleh ibu yang mengalami mual di awal kehamilan.
Frisomum Gold
Harga: mulai dari Rp 98.500 per dus
Frisomum Gold diformulasikan dengan kalsium, vitamin D, asam folat, dan vitamin B12 yang berperan penting dalam menjaga kesehatan tulang, mendukung pembentukan sel darah merah, serta mempersiapkan tubuh agar lebih siap menghadapi kehamilan.
Susu ini juga memiliki indeks glikemik rendah yang membantu mengontrol kadar gula darah, sehingga baik dikonsumsi sejak masa program hamil. Dengan Dual Care+ formula, Frisomum Gold dapat menunjang kebutuhan gizi calon ibu sekaligus mendukung kesiapan tubuh dalam promil.
Frisian Flag Primamum
Harga: mulai dari Rp 25.400 per dus
Frisian Flag Primamum adalah susu program hamil yang diperkaya DHA, asam folat, omega-3, omega-6, serta zat besi untuk mendukung kesuburan dan kesehatan reproduksi. Kandungan protein di dalamnya juga berperan penting dalam membangun serta memperbaiki jaringan tubuh, sehingga mempersiapkan kondisi calon ibu lebih optimal untuk kehamilan.
Dengan konsumsi dua gelas Frisian Flag Primamum setiap hari, calon ibu dapat memperoleh tambahan energi dan nutrisi penting selama program hamil. Hadir dengan rasa cokelat yang nikmat, susu ini bisa menjadi pilihan tepat untuk mendukung promil sekaligus menjaga kesehatan tubuh secara menyeluruh.
Susu Garisdua Sherin Pink
Harga: mulai dari Rp126.000 per dus
Susu Garisdua Sherin Pink adalah susu kambing premium dengan tambahan kurma muda A+ yang diformulasikan khusus untuk mendukung kesehatan kandungan wanita. Susu program hamil ini membantu meningkatkan kesuburan, mengatasi haid tidak teratur, serta menjaga kesehatan rahim.
Selain itu, kandungan alami di dalamnya bermanfaat untuk meningkatkan kualitas sel telur dan daya tahan tubuh. Susu ini cocok dikonsumsi oleh pejuang garis dua, ibu menyusui, maupun ibu hamil.
Susu Garisdua Sherin for Men
Harga: mulai dari Rp88.000 per dus
Susu Garisdua Sherin for Men adalah susu program hamil khusus pria dengan kandungan omega-3, vitamin E, seng, dan kalsium. Kombinasi ini berperan penting untuk menjaga vitalitas sekaligus mendukung kesuburan pria.
Terbuat dari susu kambing dan almond yang kaya zat besi serta asam amino, produk ini membantu meningkatkan kualitas sperma. Dengan konsumsi rutin, Susu Garisdua Sherin for Men dapat menjadi pilihan tepat untuk mendukung keberhasilan program kehamilan bersama pasangan.
Susu Herbamen
Harga: mulai dari Rp78.400 per dus
Susu Herbamen merupakan susu program hamil untuk pria yang berfokus pada peningkatan kualitas sperma. Kandungan almond dan kurma muda di dalamnya membantu membuat sperma lebih kental dan subur, serta mengatasi ejakulasi dini.
Selain itu, susu ini juga diklaim dapat meningkatkan vitalitas dan ketahanan pria. Cukup diminum sekali sehari, Susu Herbamen bisa menjadi salah satu pendukung kesehatan reproduksi pria dalam program kehamilan.
Susu program hamil bisa menjadi salah satu cara untuk mendukung keberhasilan promil, disertai pola makan sehat, olahraga teratur, tidur yang cukup, dan kelola stres dengan baik.
Jika setelah 1 tahun program hamil belum juga berhasil, sebaiknya lakukan pemeriksaan ke dokter untuk mengetahui penyebabnya. Setelah mendapat pemeriksaan awal, dokter dapat membantu memantau jalannya program hamil.
Kini, pemantauan tersebut juga bisa dilakukan lebih mudah melalui layanan Chat Bersama Dokter di aplikasi ALODOKTER. Melalui konsultasi online, Anda juga bisa"
10 Salep untuk Eksim Kering yang Ampuh,KESEHATAN,https://www.alodokter.com/salep-untuk-eksim-kering-yang-ampuh,Terakhir diperbarui: 10 September 2025,"Salep untuk eksim kering dapat digunakan untuk mengurangi gejala eksim kering, sekaligus mempercepat pemulihan kulit...","Salep untuk eksim kering dapat digunakan untuk mengurangi gejala eksim kering, sekaligus mempercepat pemulihan kulit yang terganggu. Banyak orang lebih memilih salep karena mudah digunakan dan bisa langsung bekerja di area kulit yang bermasalah, sehingga keluhan bisa reda dengan cepat.
Eksim kering dapat terjadi karena sejumlah faktor, seperti paparan deterjen atau sabun keras, udara dingin, stres, maupun masalah daya tahan tubuh. Kondisi ini membuat kulit kehilangan kelembapannya sehingga mudah meradang, gatal, dan pecah-pecah. 
Tak hanya itu, beberapa kebiasaan, seperti mandi air panas terlalu lama, mencuci tangan terlalu sering, atau kontak dengan bahan kimia tertentu, juga bisa memperparah eksim kering.
Meskipun tidak bisa benar-benar sembuh, eksim kering bisa dikontrol agar tidak makin memburuk. Nah, salah satu caranya adalah dengan menggunakan salep untuk eksim kering.
Rekomendasi Salep untuk Eksim Kering Terbaik di Apotek
Memilih salep untuk eksim kering tidak boleh asal-asalan. Salah memilih produk justru dapat memperberat iritasi, menimbulkan alergi, atau membuat eksim kering bertambah parah. 
Nah, berikut ini adalah beberapa salep untuk eksim kering terbaik yang biasa dokter rekomendasikan:
Kloderma
Harga: mulai dari Rp41.000 per tube
Beli Kloderma 0,05% Salep 5 gr di Aloshop
Beli Kloderma 0,05% Salep 10 gr di Aloshop
Beli di Aloshop
Kloderma merupakan salah satu salep untuk eksim kering. Salep ini mengandung clobetasol propionate yang bekerja dengan cara menekan aktivitas sistem kekebalan tubuh yang terlalu aktif pada kulit, sehingga mengurangi pelepasan zat-zat pemicu peradangan yang menjadi pemicu iritasi, gatal, dan kemerahan pada eksim kering. 
Kloderma tergolong aman untuk digunakan, tetapi salep ini sebaiknya tidak digunakan tanpa konsultasi ke dokter terlebih dahulu. Hal ini karena Kloderma termasuk dalam golongan obat keras. 
Umumnya, salep ini digunakan sebanyak 1–2 kali sehari. Caranya yaitu dengan mengoleskan Kloderma secara tipis ke area yang terkena eksim. 
Esperson 
Harga: mulai dari Rp100.000 per tube
Beli Esperson 0,25% Salep 5 gr di Aloshop
Beli Esperson 0,25% Salep 15 gr di Aloshop
Beli di Aloshop
Esperson sering direkomendasikan untuk mengatasi eksim kering. Hal ini karena Esperson mengandung desoximetasone yang dapat menekan produksi zat penyebab peradangan di kulit sehingga kemerahan, pembengkakan, dan rasa gatal akibat eksim bisa berkurang.
Untuk mengatasi eksim kering, Anda bisa mengoleskan Esperson secara tipis ke kulit yang terkena eksim sebanyak 1–2 kali sehari. Meski begitu, perlu diketahui bahwa salep untuk eksim kering ini termasuk dalam golongan obat keras, sehingga penggunaannya hanya bisa ditentukan oleh dokter. 
Guna menghindari hal-hal yang tidak diinginkan, pastikan hindari area kulit dekat mata, mulut, atau luka terbuka saat menggunakan Esperson.
Etercon 
Harga: mulai dari Rp29.000 per tube
Beli Clobetasol Salep 10 gr Etercon di Aloshop
Beli di Aloshop
Etercon juga termasuk dalam salep untuk eksim kering. Hal ini karena Etercon mengandung clobetasol propionate yang dapat menekan proses peradangan di kulit dengan cara mengurangi aktivitas sistem kekebalan tubuh. Dengan begitu, keluhan akibat eksim kering pun berkurang. 
Etercon hanya dapat digunakan sesuai petunjuk dokter. Soalnya, salep ini termasuk dalam golongan obat keras. Meski begitu, dokter umumnya akan menganjurkan Anda untuk mengoleskan Etercon secara tipis ke area yang terkena eksim sebanyak 1–2 kali sehari. 
Hindari menggunakan Etercon sebagai salep untuk eksim kering dalam jangka waktu panjang atau diluar resep dokter.  
Elopro 
Harga: mulai dari Rp53.000 per tube
Beli Elopro Salep 10 gr di Aloshop
Beli di Aloshop
Elopro mengandung mometasone furoate. Kandungan ini diketahui dapat menghambat senyawa kimia di dalam tubuh yang memicu gatal dan peradangan pada kulit penderita eksim kering, sehingga keluhan tersebut pun berkurang. 
Salep untuk eksim kering ini merupakan golongan obat keras yang memerlukan resep dari dokter untuk membelinya di apotek. Meski begitu, dosis umum penggunaan Elopro untuk mengatasi eksim kering adalah 1 kali sehari.
Saat menggunakan Elopro sebagai obat eksim kering, pastikan Anda hanya mengoleskannya secara tipis di area kulit yang terkena eksim.
Dermasolon 
Harga: mulai dari Rp44.000 per tube
Beli Dermasolon Salep 10 gr di Aloshop
Beli di Aloshop
Salep untuk eksim kering selanjutnya adalah Dermasolon. Salep ini mengandung fluocinolone yang dapat cara menekan aktivitas berlebihan sistem kekebalan tubuh, sehingga produksi zat pemicu peradangan dan gatal di kulit penderita eksim kering berkurang. 
Dermasolon tidak dapat dibeli tanpa resep dokter karena termasuk golongan obat keras. Salep ini bisa dioleskan secara tipis ke area yang terkena eksim kering sebanyak 1–2 kali sehari atau sesuai anjuran dokter.
Diprogenta 
Harga: mulai dari Rp111.000 per tube
Beli Diprogenta Salep 5 gr di Aloshop
Beli Diprogenta Salep 10 gr di Aloshop
Beli di Aloshop
Diprogenta mengandung betamethasone dan gentamicin. Perpaduan kedua bahan aktif dalam salep ini tidak hanya dapat menghentikan peradangan di kulit, tetapi juga dapat membasmi bakteri yang dapat menyebabkan luka eksim menjadi infeksi.
Meskipun aman, Diprogenta hanya bisa didapatkan di apotek dengan resep dokter. Ini karena Diprogenta termasuk dalam golongan obat keras. Salep untuk eksim kering ini biasanya digunakan sebanyak 1–2 kali sehari, dengan cara mengoleskannya secara tipis pada kulit.
Diprosalic 
Harga: mulai dari Rp114.000 per tube
Beli Diprosalic Salep 5 gr di Aloshop
Beli di Aloshop
Diprosalic merupakan salep untuk eksim kering berikutnya yang bisa Anda gunakan. Salep ini mengandung kombinasi betamethasone dipropionate dan asam salisilat yang tidak hanya dapat mengurangi peradangan di kulit, tetapi juga dapat mengangkat sel kulit mati sehingga kulit-kulit yang menebal akibat eksim kering berkurang. 
Diprosalic umumnya digunakan dengan cara mengoleskannya secara tipis ke area yang terkena eksim kering sebanyak 1–2 kali sehari. Meski begitu, perlu diketahui bahwa salep ini merupakan golongan obat keras sehingga Anda perlu resep dokter untuk membeli dan menggunakannya.
Desolex 
Harga: mulai dari Rp45.000 per tube
Beli Desolex 0,05% Salep 10 gr di Aloshop
Beli di Aloshop
Desolex juga dapat menjadi pilihan salep untuk eksim kering. Salep ini mengandung desonide efektif mengatasi gatal, kemerahan, dan iritasi akibat eksim kering dengan cara menekan pelepasan dan efek zat peradangan di kulit. 
Desolex merupakan golongan obat keras, sehingga pembeliaan dan penggunaannya hanya bisa ditentukan oleh dokter. Meski begitu, dokter umumnya akan menganjurkan Anda untuk mengoleskan Desolex secara tipis ke area yang terkena eksim sebanyak 1–2 kali sehari. 
Dermovate 
Harga: mulai dari Rp112.000 per tube
Beli Dermovate 0,05% Krim 5 gr di Aloshop
Beli Dermovate 0,05% Krim 10 gr di Aloshop
Beli di Aloshop
Berkat kandungan clobetasol propionate di dalamnya, Dermovate juga dapat menjadi pilihan salep untuk eksim kering. Pasalnya, kandungan clobetasol propionate dalam salep ini mampu menghambat reaksi sistem kekebalan tubuh sehingga mengurangi pelepasan zat pemicu peradangan di tubuh. Dengan begitu, keluhan bengkak, gatal, serta kemerahan akibat eksim kering berkurang.
Oleskan Dermovate secara tipis di kulit sebanyak 1–2 kali sehari. Namun, pastikan Anda konsultasi dengan dokter terlebih dahulu sebelum menggunakan Dermovate sebagai obat eksim kering, karena Dermovate merupakan golongan obat keras.
Diprosone OV 
Harga: mulai dari Rp135.000 per tube
Beli Diprosone OV Salep 10 gr di Aloshop
Beli di Aloshop
Diprosone OV juga mengandung betamethasone dipropionate. Kandungan obat ini dapat menghambat reaksi sistem kekebalan tubuh yang berlebihan dan pelepasan zat pemicu peradangan di kulit, sehingga keluhan bengkak, gatal, dan kemerahan akibat eksim kering berkurang.
Untuk menggunakan Diprosone OV sebagai salep untuk eksim kering sangat mudah, Anda cukup mengoleskannya ke area kulit yang terkena eksim kering secara tipis dan lakukan sebanyak 1–2 kali sehari. 
Hindari penggunaan Diprosone OV dalam jangka waktu panjang atau tanpa konsultasi dengan dokter terlebih dahulu. Pasalnya, salep ini termasuk dalam golongan obat keras. 
Setiap salep untuk eksim kering memiliki aturan pakai dan kandungan yang berbeda-beda. Oleh karena itu, pilihlah salep sesuai dengan kondisi kulit, baca aturan pakai, dan waspadai efek samping seperti iritasi, kulit menipis, atau kemerahan jika digunakan terlalu lama. 
Jika setelah beberapa hari menggunakan salep untuk eksim kering tetapi keluhan eksim kering tidak kunjung membaik atau malah bertambah parah hingga muncul nanah, bengkak, atau infeksi pada kulit, segera chat dokter untuk mendapatkan pengobatan lebih lanjut."
"Mikrobiologi, Dampaknya terhadap Kesehatan Manusia dan Lingkungan",KESEHATAN,https://www.alodokter.com/mikrobiologi-dampaknya-terhadap-kesehatan-manusia-dan-lingkungan,Terakhir diperbarui: 10 September 2025,"Mikrobiologi adalah ilmu yang mempelajari makhluk hidup berukuran sangat kecil, seperti bakteri, virus, jamur, dan...","Mikrobiologi adalah ilmu yang mempelajari makhluk hidup berukuran sangat kecil, seperti bakteri, virus, jamur, dan protozoa, yang tidak bisa dilihat dengan mata telanjang. Ilmu ini berperan penting dalam kesehatan, kebersihan, dan pengolahan makanan.
Ilmu mikrobiologi berkembang pesat dan telah memberikan banyak manfaat bagi manusia. Melalui penelitian mikrobiologi, kita dapat memahami cara penyebaran penyakit menular, mengembangkan obat-obatan, serta memperbaiki kualitas makanan.
Sayangnya, masih banyak orang yang menganggap mikroba hanya sebagai penyebab penyakit, padahal banyak mikroorganisme yang justru bermanfaat bagi tubuh maupun lingkungan.
Peran Penting Mikrobiologi dalam Kehidupan
Mikrobiologi bukan hanya tentang mempelajari mikroorganisme, tapi juga memahami bagaimana makhluk kecil ini memberi dampak besar dalam kehidupan sehari-hari. Berikut beberapa peran penting mikrobiologi yang bisa kita rasakan langsung:
1. Menjaga kesehatan tubuh
Melalui mikrobiologi, kita bisa mengetahui cara kerja mikroorganisme penyebab penyakit serta cara tubuh melawannya. Penemuan antibiotik serta vaksin untuk mencegah infeksi virus maupun bakteri menjadi bukti nyata bahwa penelitian mikrobiologi berperan besar dalam menjaga kesehatan manusia.
2. Mendukung industri makanan dan minuman
Proses fermentasi pada tempe, yoghurt, keju, dan tape merupakan contoh nyata peran mikroba. Mikroorganisme mengubah bahan makanan menjadi produk baru yang lebih tahan lama. Selain itu, hasil fermentasi juga seringkali lebih bergizi dan mudah dicerna.
3. Menjaga kebersihan lingkungan
Banyak mikroorganisme berfungsi sebagai pengurai limbah organik, seperti sampah dan kotoran. Proses penguraian ini membantu menjaga lingkungan tetap bersih dan sehat. Tanpa peran mikroba, limbah bisa menumpuk dan menimbulkan masalah kesehatan.
4. Mengendalikan penyakit menular
Mikrobiologi memberikan pemahaman tentang cara penularan penyakit, misalnya tuberkulosis, diare, atau flu. Dengan pengetahuan ini, tenaga kesehatan dapat membuat strategi pencegahan yang lebih efektif. Hal ini juga membantu dalam memberikan penanganan tepat pada penderita.
5. Pengembangan obat dan bioteknologi
Mikroba sering dimanfaatkan dalam penelitian untuk menghasilkan obat-obatan baru. Misalnya, produksi antibiotik, hormon, hingga enzim yang mendukung bidang medis dan industri. Inovasi ini membuktikan bahwa mikrobiologi terus berkembang mengikuti kebutuhan manusia.
Risiko dan Hal yang Perlu Diperhatikan dalam Mikrobiologi
Meski membawa banyak manfaat, mikrobiologi juga memiliki risiko, terutama jika kebersihan diri, makanan, dan lingkungan tidak dijaga dengan baik. Kondisi yang kotor dapat memudahkan mikroba berbahaya berkembang dan menimbulkan penyakit infeksi, seperti demam berdarah, tifus, atau gangguan pernapasan.
Di sisi lain, penggunaan antibiotik yang tidak sesuai aturan dapat memicu resistensi, sehingga obat menjadi kurang efektif dalam mengatasi penyakit. Mikroorganisme juga berpotensi mencemari makanan dan air jika tidak ditangani dengan benar, yang pada akhirnya bisa menimbulkan wabah penyakit.
Mikrobiologi memberi banyak manfaat bagi kesehatan, makanan, serta lingkungan, tetapi tetap ada risiko yang perlu diwaspadai. Dengan memahami peran dan dampaknya, kita bisa lebih bijak dalam menjaga kebersihan dan mencegah penyakit.
Jika Anda memiliki keluhan terkait infeksi atau penyakit tertentu, Anda bisa berkonsultasi langsung dengan dokter melalui Chat Bersama Dokter di aplikasi ALODOKTER. Dokter akan memberikan saran penanganan yang sesuai dengan kondisi Anda."
Efek Samping Allopurinol yang Paling Sering Muncul,KESEHATAN,https://www.alodokter.com/efek-samping-allopurinol-yang-paling-sering-muncul,Terakhir diperbarui: 10 September 2024,Efek samping allopurinol bisa dialami oleh sebagian orang yang menggunakan obat ini untuk mengendalikan asam...,"Efek samping allopurinol bisa dialami oleh sebagian orang yang menggunakan obat ini untuk mengendalikan asam urat. Meski umumnya aman jika digunakan sesuai petunjuk dokter, beberapa efek samping allopurinol dapat berakibat serius dan perlu segera mendapat penanganan medis.
Allopurinol adalah obat yang diresepkan untuk menurunkan kadar asam urat dalam darah pada penderita penyakit asam urat. Pada sebagian orang, efek samping allopurinol bisa berupa keluhan ringan. Selain itu, meski jarang, obat ini juga dapat menimbulkan reaksi serius yang perlu segera ditangani.
setiap penggunaan allopurinol memiliki risiko. Penting untuk mengetahui efek samping allopurinol, mulai dari gejala ringan hingga reaksi berat, agar masalah dapat ditangani sejak dini dan tidak berkembang menjadi komplikasi serius.
Efek Samping Allopurinol yang Sering Terjadi
Sama seperti obat lainnya, penggunaan allopurinol juga berisiko menimbulkan efek samping. Sebagian besar efek samping allopurinol bersifat ringan, tidak berbahaya, dan biasanya bisa hilang dengan sendirinya tanpa perlu penanganan khusus.
Berikut beberapa efek samping allopurinol yang tergolong ringan dan sering terjadi:
Gatal atau ruam ringan di kulit
Mual
Sakit perut ringan
Diare
Sakit kepala
Mudah mengantuk
Keringat berlebihan di malam hari
Efek Samping Allopurinol yang Jarang tetapi Berbahaya
Meskipun jarang, efek samping allopurinol dapat memicu reaksi serius yang berhubungan dengan kondisi medis berat, seperti angioedema, sindrom Stevens-Johnson, nekrolisis epidermal toksik, gangguan darah, maupun kerusakan hati dan ginjal.
Gejala yang perlu diwaspadai antara lain:
Kulit melepuh atau mengelupas
Ruam meluas disertai nyeri, demam, atau lepuhan
Pembengkakan pada wajah atau tenggorokan
Sakit tenggorokan, kelelahan, sulit bernapas, atau demam
Urin gelap dan nyeri saat buang air kecil
Penurunan berat badan tanpa sebab yang jelas
Kulit mudah memar
Kulit atau mata menguning
Jika Anda mengalami gejala berat seperti di atas, segera hentikan penggunaan allopurinol dan periksakan diri ke dokter atau IGD rumah sakit terdekat. Penanganan cepat sangat penting untuk mencegah komplikasi yang berbahaya.
Agar penggunaan allopurinol tetap aman, selalu minum obat sesuai dosis dan petunjuk dokter. Jika muncul keluhan ringan, catat keluhan tersebut dan sampaikan saat kontrol ke dokter. Hal ini penting untuk memastikan dosis tepat atau mempertimbangkan penggantian obat jika memang diperlukan.
Untuk penanganan keluhan yang lebih cepat, Anda juga bisa berkonsultasi dengan dokter secara online melalui Chat Bersama Dokter di aplikasi ALODOKTER. Dokter akan membantu memberikan saran perawatan yang sesuai, menilai apakah obat perlu disesuaikan, serta menentukan langkah lanjutan jika diperlukan."
5 Sabun Muka Pria untuk Memutihkan Wajah yang Efektif,HIDUP SEHAT,https://www.alodokter.com/sabun-muka-pria-untuk-memutihkan-wajah-yang-efektif,Terakhir diperbarui: 10 September 2025,Sabun muka pria untuk memutihkan wajah adalah solusi bagi para pria yang ingin memiliki kulit...,"Sabun muka pria untuk memutihkan wajah adalah solusi bagi para pria yang ingin memiliki kulit wajah lebih cerah dan bersih. Selain membantu membersihkan debu dan kotoran setelah beraktivitas seharian, sabun muka dengan kandungan khusus juga dapat mendukung proses pencerahan kulit secara bertahap. 
Kulit wajah pria umumnya lebih tebal dan berminyak daripada wanita. Hal ini membuat pria lebih rentan terhadap kotoran, minyak berlebih, dan paparan sinar matahari yang bisa mengakibatkan kulit tampak kusam. 
Selain itu, kebiasaan mencuci muka yang kurang tepat juga bisa memperburuk kondisi kulit, misalnya muncul jerawat atau noda hitam yang menyebabkan kulit wajah terlihat kurang cerah. Akibatnya, banyak pria merasa kurang percaya diri dengan penampilan mereka.
Namun, masalah kulit kusam ini bisa diatasi dengan perawatan yang tepat, salah satunya dengan memilih sabun muka pria untuk memutihkan wajah.
Pilihan Merek Sabun Muka Pria untuk Memutihkan Wajah yang Efektif di Apotik
Sabun muka pria untuk memutihkan wajah umumnya diperkaya dengan bahan pencerah, seperti vitamin C, niacinamide, atau ekstrak alami yang membantu mengangkat sel kulit mati sehingga kulit tampak lebih segar dan cerah. 
Berikut ini beberapa pilihan sabun muka pria untuk memutihkan wajah yang bisa digunakan sehari-hari:
Kahf Skin Energizing & Brightening Face Wash 100 Ml
Harga: mulai dari Rp45.170 per tube
Beli Kahf Skin Energizing & Brightening Face Wash 100 Ml di Aloshop
Kahf Skin Energizing & Brightening Face Wash mengandung HydroBalance dan Vitamin B3 (niacinamide) yang membantu mencerahkan kulit wajah serta menjaga kelembapan kulit. Formulanya juga membuat wajah tetap segar setelah aktivitas seharian dan cocok untuk pria dengan kulit kusam.
Teksturnya berbentuk gel yang lembut di kulit, mudah berbusa, serta tidak menimbulkan rasa kering atau tertarik setelah dibilas. Kahf Skin Energizing & Brightening Face Wash praktis digunakan setiap hari, baik sebelum berangkat kerja maupun setelah berolahraga, untuk menjaga kulit tetap sehat dan cerah.
Valenno Perfect Clean Lightening Facial Foam Papaya 100 Ml
Harga: mulai dari Rp40.515 per tube
Beli Valenno Perfect Clean Lightening Facial Foam Papaya 100 Ml di Aloshop
Sabun muka ini diperkaya dengan ekstrak pepaya yang membantu mengangkat sel kulit mati sehingga wajah tampak lebih cerah. Teksturnya menghasilkan busa lembut yang efektif membersihkan kotoran dan minyak, tetapi tetap menjaga kelembapan alami kulit sehingga tidak terasa kering setelah dicuci.
Untuk hasil optimal, gunakan Valenno Perfect Clean Lightening Facial Foam Papaya sesuai petunjuk pada kemasan. Hindari area sekitar mata dan pastikan membilas wajah hingga benar-benar bersih.
Nivea Men White Oil Clear Facial Foam 100 ml
Harga: mulai dari Rp49.500 per tube
Beli Nivea Men White Oil Clear Facial Foam 100 ml di Aloshop
Sabun muka ini mengandung Whitinat, vitamin C, dan Carnitine Power yang diformulasikan khusus untuk pria dengan kulit berminyak. Kombinasi kandungannya membantu mengangkat minyak berlebih dan kotoran yang menempel, sekaligus memberikan efek mencerahkan pada wajah.
Senka Perfect White Clay 50 gr
Harga: mulai dari Rp44.030 per tube
Beli Senka Perfect White Clay 50 gr di Aloshop
Sabun muka ini diperkaya dengan white clay yang efektif mengangkat sel kulit mati sekaligus membersihkan kotoran hingga ke dalam pori-pori. Kandungan double hyaluronic acid di dalamnya juga membantu menjaga kelembapan kulit, sehingga wajah tetap terasa halus dan tidak kering setelah dicuci.
Dengan kombinasi manfaat tersebut, Senka Perfect White Clay dapat membantu kulit tampak lebih cerah, segar, dan sehat. Produk ini cocok digunakan sehari-hari untuk Anda yang ingin pembersih wajah dengan hasil maksimal namun tetap lembut di kulit.
Illuminare Optimal Bright & Clean Facial Wash 100 gr
Harga: mulai dari Rp89.250 per tube
Beli Illuminare Optimal Bright & Clean Facial Wash 100 gr di Aloshop
Sabun muka ini diperkaya dengan brightening complex dan berbagai vitamin yang bekerja untuk mencerahkan sekaligus membersihkan kulit secara menyeluruh. Formulanya membantu mengurangi tampilan kusam, menjaga kebersihan wajah dari kotoran, serta mendukung kesehatan kulit agar tampak lebih segar dan bercahaya.
Sabun muka pria untuk memutihkan wajah dapat membantu mencerahkan kulit jika digunakan secara rutin dan tepat. Ingat, hasil optimal memerlukan waktu dan sabun saja tidak cukup tanpa perawatan kulit yang benar. 
Jika kulit tetap kusam, muncul iritasi, atau masalah kulit lain setelah penggunaan, sebaiknya segera konsultasikan hal tersebut ke dokter untuk mendapatkan saran penanganan yang lebih sesuai. Konsultasi bisa dilakukan secara online melalui fitur Chat Bersama Dokter di aplikasi ALODOKTER."
"Perawatan Diri untuk Luka Bakar, Cara Aman dan Efektif di Rumah",KESEHATAN,https://www.alodokter.com/perawatan-diri-untuk-luka-bakar-cara-aman-dan-efektif-di-rumah,Terakhir diperbarui: 10 September 2025,Perawatan diri untuk luka bakar sangat penting guna mencegah infeksi dan mempercepat proses penyembuhan. Langkah...,"Perawatan diri untuk luka bakar sangat penting guna mencegah infeksi dan mempercepat proses penyembuhan. Langkah yang tepat juga bisa membantu mencegah bekas luka dan mencegah kondisi makin parah. Mengetahui pertolongan pertama saat terkena bakar atau benda panas akan membuat Anda lebih tenang saat menghadapi luka bakar ringan di rumah.
Luka bakar karena terkena air panas, minyak, setrika, atau benda panas lain sering terjadi dalam aktivitas sehari-hari. Namun, bila penanganannya keliru, misalnya karena menunda perawatan atau menggunakan bahan sembarangan, justru bisa memperlambat sembuhnya luka dan meningkatkan risiko terjadinya infeksi. 
Oleh karena itu, penting untuk mengetahui langkah perawatan diri untuk luka bakar yang benar sebelum luka semakin memburuk.
Langkah Perawatan Diri untuk Luka Bakar Ringan di Rumah
Supaya luka bakar ringan cepat membaik dan tidak semakin parah, berikut ini beberapa langkah perawatan mandiri yang bisa Anda lakukan:
1. Dinginkan area luka
Segera siram area luka bakar dengan air mengalir bersuhu normal (bukan air es) selama 10–20 menit. Langkah pertama dari perawatan diri untuk luka bakar ini dapat membantu mengurangi rasa panas dan mencegah kerusakan jaringan yang lebih luas. 
Proses pendinginan sebaiknya dilakukan sesegera mungkin setelah terkena luka bakar agar panas tidak menyebar lebih dalam ke kulit. Dengan langkah ini, rasa nyeri biasanya akan berkurang dan risiko terbentuknya lepuh dapat diminimalkan.
2. Bersihkan luka dengan lembut
Cuci luka secara perlahan menggunakan air matang suhu normal atau larutan garam steril (NaCl) untuk menghilangkan kotoran tanpa menambah iritasi. Hindari menggosok luka terlalu keras agar jaringan kulit yang baru tidak rusak. 
Jangan gunakan sabun, alkohol, atau hidrogen peroksida karena bahan-bahan ini dapat membuat kulit semakin kering, menimbulkan rasa perih, dan justru bisa memperlambat proses penyembuhan luka.
3. Tutup luka dengan kain bersih
Setelah luka dikeringkan perlahan, tutup dengan kain kasa steril atau kain bersih yang tidak menempel pada luka. Menutup luka merupakan perawatan diri untuk luka bakar yang penting karena bertujuan mencegah kotoran, debu, dan kuman masuk ke area yang terluka sehingga risiko infeksi dapat diminimalkan. 
Pastikan kain atau kasa yang digunakan benar-benar bersih dan diganti secara rutin setiap hari agar luka tetap terlindungi selama proses penyembuhan.
4. Hindari mengoleskan bahan rumahan
Jangan oleskan odol, minyak, atau bahan tradisional lainnya pada luka bakar karena bisa menyebabkan iritasi atau memperparah infeksi. Penggunaan bahan-bahan tersebut juga dapat menutup permukaan luka sehingga panas terperangkap dan proses penyembuhan menjadi lebih lambat. 
Selain itu, bahan rumahan yang tidak steril berisiko membawa kuman ke luka dan meningkatkan kemungkinan infeksi.
5. Gunakan salep antibiotik jika perlu
Jika luka terbuka atau melepuh, mengoleskan salep antibiotik tipis setelah luka dibersihkan juga penting sebagai salah satu perawatan diri untuk luka bakar. Kemudian, tutup kembali dengan kasa steril untuk membantu mencegah infeksi. 
Pastikan Anda tidak mengoleskan terlalu tebal dan baca aturan pakainya, serta hentikan penggunaan jika muncul tanda alergi, seperti ruam atau gatal. Jika ragu atau luka tak kunjung membaik, sebaiknya konsultasikan ke dokter ya.
6. Penuhi asupan nutrisi
Asupan nutrisi yang cukup, terutama protein, sangat penting dalam proses pemulihan luka bakar. Protein membantu membangun dan memperbaiki jaringan tubuh yang rusak sehingga luka bisa sembuh lebih cepat.
Selain protein, pastikan Anda juga mengonsumsi makanan yang kaya vitamin C, vitamin A, zinc, serta cairan yang cukup setiap hari. Nutrisi ini berperan penting dalam mendukung daya tahan tubuh dan proses regenerasi kulit setelah luka bakar.
Pilihlah sumber protein, seperti ikan, daging ayam, telur, tahu, tempe, serta kacang-kacangan. Untuk vitamin dan mineral, perbanyak konsumsi buah-buahan dan sayuran segar, ya. 
7. Amati perkembangan luka
Ganti perban setiap hari dan perhatikan tanda-tanda infeksi, seperti nanah, luka makin merah, bengkak, atau nyeri yang dirasa semakin parah. Memantau kondisi luka secara rutin penting agar penanganan bisa segera dilakukan jika muncul gejala infeksi pada luka bakar. 
Jika luka tidak kunjung membaik dalam beberapa hari atau justru bertambah parah, sebaiknya segera konsultasikan ke dokter untuk mendapatkan perawatan lebih lanjut. 
Selain itu, lakukan juga beberapa hal ini sebagai langkah perawatan diri untuk luka bakar:
Jangan pecahkan lepuh yang muncul pada luka bakar agar perlindungan kulit tetap terjaga.
Bila luka terasa nyeri, boleh gunakan obat pereda nyeri seperti paracetamol, sesuai petunjuk.
Selalu perhatikan gejala infeksi dan segera cari pertolongan medis jika keluhan memburuk.
Perawatan diri yang benar dapat mempercepat pemulihan luka bakar ringan, sekaligus mencegah infeksi dan bekas luka. Namun, jangan lupa untuk selalu mencuci tangan sebelum dan sesudah merawat luka agar penyebaran kuman bisa dicegah.
Jika luka bakar meluas, terasa sangat nyeri, bernanah, atau terjadi di wajah, tangan, alat kelamin, ataupun sangat dalam, segera konsultasikan ke dokter atau langsung ke IGD rumah sakit terdekat. Untuk luka bakar ringan, Anda juga dapat menggunakan fitur Chat Bersama Dokter terlebih dulu guna mendapatkan panduan perawatan diri untuk luka bakar yang sesuai tanpa perlu keluar rumah."
7 Serum Rambut yang Bagus dan Wajib Dicoba,HIDUP SEHAT,https://www.alodokter.com/serum-rambut-yang-bagus-dan-wajib-dicoba,Terakhir diperbarui: 10 September 2025,Serum rambut yang bagus menjadi pilihan utama untuk menjaga kesehatan dan keindahan rambut. Berkat kandungan...,"Serum rambut yang bagus menjadi pilihan utama untuk menjaga kesehatan dan keindahan rambut. Berkat kandungan nutrisi khusus di dalamnya, serum rambut mampu mengatasi berbagai masalah, seperti rambut kering, rontok, bercabang, hingga tampak kusam.
Tidak cukup hanya dengan keramas dan menggunakan kondisioner, penting juga untuk memakai serum rambut untuk perawatan rambut yang optimal. Serum rambut yang bagus mengandung nutrisi dan bahan aktif yang dapat menembus batang rambut hingga ke lapisan terdalam, sehingga dapat memperbaiki struktur rambut yang rusak.
Kini, ada banyak pilihan serum rambut di pasaran. Agar tidak salah pilih dan mendapatkan hasil yang sesuai harapan, ada beberapa rekomendasi serum rambut yang bagus sesuai kebutuhan rambut Anda.
Rekomendasi Serum Rambut yang Bagus
Serum rambut yang bagus biasanya mengandung pelembap alami, seperti minyak argan, agar rambut tetap lembap dan berkilau. Produk ini juga dilengkapi vitamin dan antioksidan, seperti vitamin E atau pro-vitamin B5, untuk menguatkan akar dan membantu pertumbuhan rambut.
Serum rambut juga sebaiknya tidak mengandung alkohol berlebih, paraben, atau sulfat agar aman untuk kulit kepala. Agar Anda tidak bingung memilihnya, berikut ini adalah rekomendasi serum rambut yang bagus:
Makarizo Vitaglitz Hair Serum Revitalizing Care 8 ml
Harga: Rp28.000 per tube
Beli Makarizo Vitaglitz Hair Serum Revitalizing Care 8 ml di Aloshop
Beli di Aloshop
Serum rambut yang bagus dari Makarizo mengandung vitamin E, keratin, dan argan oil. Berbagai kandungan tersebut bermanfaat untuk menutrisi rambut dari akar hingga ujung, membuat rambut lebih halus dan mudah diatur, memperkuat rambut, serta melindungi batang rambut dari kerusakan akibat panas dan bahan kimia.
Pemakaian serum rambut ini cocok untuk Anda yang sering mewarnai rambut secara berulang atau menggunakan alat penata rambut, seperti hair dryer atau catokan. Dengan rutin memakai serum, rambut pun kembali terlihat lebih sehat dan berkilau.
Erhair Df Hairgrow Serum 8ml
Harga: Rp41.130 per piece
Beli Erhair Df Hairgrow Serum 8ml di Aloshop
Beli di Aloshop
Dengan kandungan ekstrak ginseng, biotin, dan niacinamide, serum rambut yang bagus ini mampu mendorong pertumbuhan rambut dan menguatkan akar. Cocok untuk mengatasi rambut rontok dan memperbaiki tekstur rambut yang kasar.
Watsons Repairing Hair Serum 100 ml
Harga: Rp94.050 per botol
Beli Watsons Repairing Hair Serum 100 ml di Aloshop
Beli di Aloshop
Serum ini kaya akan kandungan vitamin, mineral, dan asam lemak omega-3 yang bermanfaat untuk memperbaiki serta melembapkan rambut kering dan rusak. Serum rambut yang bagus dari Watsons cocok untuk rambut bercabang atau kusam karena paparan sinar matahari.
LOreal Paris Elseve Extraordinary Oil Gold Hair Treatment Serum 30 ml
Harga: Rp80.500 per botol
Beli LOreal Paris Elseve Extraordinary Oil Gold Hair Treatment Serum 30 ml di Aloshop
Beli di Aloshop
Serum rambut yang bagus dari Loreal diperkaya dengan kandungan 6 ekstra bunga, yakni lotus, chamomile, rose, tiare, linseed, dan soybean.
Dengan kandungan ini, pemakaian serum rambut secara rutin dapat memberikan kelembapan ekstra serta membuat rambut lebih berkilau dan halus. Serum ini sangat cocok untuk mengatasi rambut kering dan susah diatur.
XL Professional Hair Serum Invigorating 125 ml
Harga: Rp145.200 per botol
Beli XL Professional Hair Serum Invigorating 125 ml di Aloshop
Beli di Aloshop
Serum rambut ini mengandung olive oil dan pro-vitamin B5 yang membantu menutrisi sekaligus memperbaiki rambut kering dan patah. Sangat cocok untuk rambut yang sering terkena panas akibat pemakaian alat penata rambut.
Rudy Hair Growth Serum 9 ml Isi 6
Harga: Rp127.490 per pack
Beli Rudy Hair Growth Serum 9 ml Isi 6 di Aloshop
Beli di Aloshop
Serum rambut dari Rudy dibuat khusus untuk mengatasi kerontokan rambut, merangsang pertumbuhan rambut, dan menguatkan akar rambut. Produk ini mengandung kombinasi bahan alami, seperti sophora root extract, tripeptide complex dan soybeans protein, serta hydrolyzed sericin.
Kombinasi kandungan tersebut dapat memperlancar sirkulasi darah di akar rambut dan menjaga kulit kepala agar tetap sehat. Pemakaian serum rambut ini cocok untuk rambut rontok dan tipis.
Tresemme Keratin Smooth Shine Serum 97 ml
Harga: Rp230.450 per botol
Beli Tresemme Keratin Smooth Shine Serum 97 ml di Aloshop
Beli di Aloshop
Serum rambut yang bagus dari Tresemme cocok untuk mengatur rambut yang kusut. Dengan kandungan keratin dan diperkaya dengan marula oil, serum ini dapat menghaluskan, menutrisi, dan memberi kilau pada rambut. Serum rambut Tresemme Ideal untuk rambut yang mengembang, kering, dan susah diatur.
Agar manfaat serum rambut yang bagus bisa optimal, ikutilah langkah-langkah pemakaian berikut:
Cuci rambut terlebih dahulu dengan sampo, lalu bilas hingga bersih.
Keringkan rambut dengan handuk hingga setengah kering.
Ambil beberapa tetes serum rambut ke telapak tangan.
Usapkan serum secara merata pada rambut, terutama pada bagian yang paling rusak dan kering.
Fokuskan penggunaan serum rambut di batang hingga ujung rambut agar rambut tetap terasa ringan dan tidak lepek.
Biarkan serum meresap tanpa perlu dibilas, lalu tata rambut seperti biasa.
Merawat rambut dengan serum yang tepat akan membantu rambut tampak sehat, kuat, dan indah. Jangan lupa untuk selalu perhatikan cara pemakaian dan reaksi kulit kepala setelah penggunaan.
Jika Anda mengalami iritasi, gatal yang parah, atau rambut rontok berlebihan, segera hentikan pemakaian dan konsultasikan kondisi Anda ke dokter melalui fitur Chat Bersama Dokter agar bisa mendapatkan solusi terbaik dan cepat."
7 Menu Diet Sehat Seminggu yang Bernutrisi,HIDUP SEHAT,https://www.alodokter.com/7-menu-diet-sehat-seminggu-yang-bernutrisi,Terakhir diperbarui: 10 September 2025,Menu diet sehat seminggu adalah solusi praktis bagi Anda yang ingin menjalani pola makan sehat...,"Menu diet sehat seminggu adalah solusi praktis bagi Anda yang ingin menjalani pola makan sehat tanpa perlu bingung memilih makanan setiap hari. Dengan menu yang seimbang dan bergizi, tubuh tetap bertenaga, berat badan terjaga, dan risiko penyakit dapat dikurangi.
Mengatur menu diet sehat seminggu tidak hanya soal membatasi kalori, tetapi juga memastikan asupan nutrisi harian lengkap, mulai dari karbohidrat kompleks, protein, serat, hingga vitamin serta mineral.
Banyak orang salah paham bahwa diet berarti makan sangat sedikit atau menahan lapar. Padahal, kunci utama diet sehat adalah memilih jenis dan porsi makanan yang tepat secara konsisten.
Pilihan Menu Diet Sehat Seminggu
Agar manfaat diet lebih optimal, menu diet sehat seminggu sebaiknya mencakup kombinasi makanan utama dan camilan sehat di antara waktu makan. 
Berikut ini adalah beberapa rekomendasi menu diet sehat seminggu yang bisa Anda coba:
1. Oatmeal dan pisang
Oatmeal adalah salah satu sumber karbohidrat kompleks yang baik untuk sarapan. Kandungan serat larut di dalam oatmeal dapat membantu menurunkan kadar kolesterol, menjaga kadar gula darah tetap stabil, dan membuat Anda kenyang lebih lama. 
Sementara itu, pisang merupakan buah yang tinggi kalium dan serat, serta rendah kalori. Buah ini mudah dicerna, membantu menjaga kesehatan sistem pencernaan, dan bisa menjadi alternatif camilan yang sehat. 
Kombinasi oatmeal dan pisang saat sarapan dapat menjaga stamina tubuh, mencegah rasa lapar datang terlalu cepat, serta memenuhi kebutuhan vitamin dan mineral harian Anda.
2. Roti gandum dan telur rebus
Roti gandum mengandung karbohidrat kompleks dan serat yang membantu menahan rasa lapar lebih lama. Selain itu, roti gandum juga kaya vitamin B dan mineral, yang berperan penting dalam proses pembentukan energi di dalam tubuh. 
Sedangkan protein dalam telur rebus bisa membantu memperbaiki jaringan tubuh dan menjaga massa otot, sekaligus memberikan rasa kenyang lebih lama.
Mengonsumsi roti gandum dan telur rebus bisa menjadi pilihan menu diet sehat seminggu yang membantu memenuhi asupan nutrisi tubuh.
3. Nasi merah dan dada ayam tanpa kulit
Pilihan menu diet sehat seminggu yang bisa Anda coba lainnya adalah nasi merah dan dada ayam tanpa kulit. Hal ini karena nasi merah mengandung serat dan vitamin B yang lebih tinggi dibanding nasi putih, sehingga membantu menjaga pencernaan tetap sehat dan energi bertahan lebih lama.
Selain itu, dada ayam tanpa kulit adalah sumber protein tanpa lemak yang baik untuk menjaga kesehatan otot dan memperbaiki jaringan tubuh. Protein juga memberikan rasa kenyang lebih lama, sehingga membantu mencegah makan berlebihan.
4. Tahu dan brokoli
Tahu adalah sumber protein nabati yang rendah kalori dan kaya kalsium, sehingga cocok untuk dijadikan sebagai menu diet sehat seminggu. Protein dari tahu membantu membangun dan memperbaiki jaringan tubuh. 
Sementara kandungan isoflavon di dalam tahu bermanfaat untuk kesehatan jantung dan tulang. Selain itu, tahu juga mudah diolah menjadi berbagai menu lezat sesuai selera.
Brokoli mengandung vitamin C, vitamin K, serat, dan antioksidan yang sangat baik untuk mendukung sistem kekebalan tubuh dan menjaga kesehatan pencernaan. Konsumsi tahu dan brokoli dalam satu menu dapat membantu memenuhi kebutuhan protein, vitamin, dan serat harian secara efisien.
5. Ikan dan sayur bayam
Ikan, seperti ikan kembung, kaya akan protein dan asam lemak omega-3 yang membantu menjaga fungsi otak dan jantung. Konsumsi ikan secara rutin juga dapat menurunkan risiko penyakit jantung dan membantu meningkatkan daya tahan tubuh selama diet.
Bayam adalah sayuran hijau yang penuh dengan zat besi, vitamin A, vitamin C, dan antioksidan yang baik untuk kesehatan mata, kulit, serta sistem imun. Kandungan seratnya juga membantu memperlancar sistem pencernaan.
Menu ikan dan bayam sangat cocok untuk makan siang atau malam, karena memberikan nutrisi lengkap yang dibutuhkan tubuh selama program diet.
6. Yoghurt rendah lemak dan apel
Yoghurt rendah lemak mengandung probiotik yang dapat membantu menjaga kesehatan pencernaan dan meningkatkan daya tahan tubuh. Yoghurt juga bisa menjadi pilihan cemilan sehat yang membantu menahan rasa lapar di antara waktu makan.
Apel adalah buah kaya serat dan vitamin C yang bermanfaat untuk membantu menurunkan kadar kolesterol serta memperkuat sistem kekebalan tubuh. Mengonsumsi apel dapat membantu menahan rasa lapar lebih lama, karena seratnya memperlambat proses pencernaan.
Kombinasi yoghurt rendah lemak dan apel sangat cocok untuk menu diet sehat seminggu di pagi atau sore hari agar tubuh tetap segar dan berenergi.
7. Kentang rebus dan tempe
Kentang rebus adalah sumber karbohidrat kompleks yang rendah lemak dan bisa membantu mengenyangkan tanpa banyak kalori. Kandungan vitamin C, kalium, serta serat pada kentang baik untuk kesehatan jantung dan metabolisme tubuh. 
Tempe merupakan makanan tradisional Indonesia yang kaya akan protein nabati, serat, serta berbagai vitamin dan mineral. Proses fermentasi pada tempe membuatnya mudah dicerna dan mengandung probiotik yang menyehatkan pencernaan.
Menu kentang rebus dan tempe cocok sebagai makan siang atau malam untuk mendukung kebutuhan nutrisi saat diet sehat.
Tips Penting untuk Sukses Menjalani Menu Diet Sehat Seminggu
Agar manfaat menu diet sehat seminggu bisa dirasakan optimal, berikut beberapa hal penting yang perlu diperhatikan:
Pilih metode memasak yang lebih sehat, seperti merebus, mengukus, atau memanggang, untuk mengurangi asupan lemak berlebih.
Selalu sisipkan sayur dan buah pada setiap waktu makan agar kebutuhan serat, vitamin, dan mineral tercukupi.
Batasi konsumsi gorengan, makanan tinggi gula, dan minuman kemasan manis yang dapat meningkatkan risiko terjadinya penyakit metabolik, seperti diabetes dan kolesterol tinggi.
Cukupi kebutuhan cairan dengan minum air putih minimal 8 gelas sehari untuk membantu proses metabolisme.
Hindari melewatkan waktu makan atau mengurangi porsi secara berlebihan karena hal ini dapat membuat tubuh cepat lemas, mudah lapar, atau sulit berkonsentrasi.
Menu diet sehat seminggu tidak hanya bermanfaat untuk menjaga berat badan, tetapi juga membantu memperbaiki pola makan harian, mendukung daya tahan tubuh, dan menjaga energi sepanjang hari. 
Bila Anda memiliki kondisi kesehatan khusus, sebaiknya konsultasikan dengan dokter atau ahli gizi sebelum menjalani diet untuk memastikan menu yang dipilih sesuai dengan kebutuhan.
Jika Anda membutuhkan panduan lebih lanjut atau masih bingung merancang menu diet sehat seminggu yang sesuai, manfaatkan fitur Chat Bersama Dokter di aplikasi ALODOKTER untuk konsultasi langsung dengan dokter secara mudah, cepat, dan terpercaya."
"KB yang Paling Aman, Ini Pilihan Terbaik dan Tips Memilihnya",KELUARGA,https://www.alodokter.com/kb-yang-paling-aman-ini-pilihan-terbaik-dan-tips-memilihnya,Terakhir diperbarui: 10 September 2025,KB yang paling aman sering menjadi pertimbangan utama bagi wanita dan pasangan yang ingin menunda...,"KB yang paling aman sering menjadi pertimbangan utama bagi wanita dan pasangan yang ingin menunda kehamilan tanpa mengorbankan kesehatan. Memilih metode kontrasepsi yang tepat tidak hanya memperhitungkan efektivitas, tetapi juga risiko efek samping dan kecocokan dengan kondisi tubuh masing-masing.
Informasi mengenai KB yang paling aman perlu dipahami secara menyeluruh, karena tidak ada satu metode kontrasepsi yang cocok untuk semua orang. Setiap jenis KB memiliki kelebihan dan kekurangan, serta efek samping yang berbeda-beda. Cara kerja, cara penggunaan, serta efek jangka panjang juga penting untuk dijadikan pertimbangan sebelum memutuskan pilihan.
Selain mempertimbangkan keamanan secara umum, kondisi kesehatan, usia, dan kebutuhan khusus, seperti menyusui atau riwayat penyakit tertentu, juga harus jadi prioritas dalam memilih KB yang sesuai dengan Anda.
Jenis KB yang Paling Aman dan Keunggulannya
Berikut adalah beberapa pilihan KB yang secara umum dianggap aman dengan tingkat efektivitas tinggi, beserta keunggulannya:
1. Kondom
Kondom merupakan metode kontrasepsi yang mudah didapat dan tidak memerlukan resep dokter. Cara kerjanya adalah dengan mencegah sperma masuk ke dalam rahim, sehingga tidak terjadi pembuahan. 
Selain itu, kondom juga terbilang sebagai KB yang paling aman karena mampu memberikan perlindungan tambahan terhadap infeksi menular seksual (IMS), baik bagi laki-laki maupun perempuan, dan tidak mengandung hormon sehingga minim risiko efek samping hormonal.
2. KB IUD
Alat kontrasepsi yang umum digunakan selain kondom adalah IUD. Ini adalah alat kecil yang dipasang di dalam rahim dan dapat digunakan selama 3–10 tahun, tergantung jenisnya. KB ini sangat efektif dan menjadi pilihan ideal untuk wanita yang ingin kontrasepsi jangka panjang tanpa perlu repot mengingat jadwal minum pil atau suntik. 
IUD juga menjadi KB yang paling aman untuk ibu menyusui, serta tidak memengaruhi keseimbangan hormon tubuh sehingga efek samping KB ini biasanya ringan.
3. KB implan atau susuk
KB yang aman berikutnya adalah implan atau susuk, yaitu batang kecil yang dipasang di bawah kulit lengan. Alat kontrasepsi jenis ini mampu mencegah kehamilan hingga 3 tahun. Selain itu, kadar hormon yang dilepaskan pun rendah, sehingga risiko efek sampingnya relatif ringan dan tidak mengganggu produksi ASI. 
Implan termasuk metode kontrasepsi yang praktis dan cocok untuk wanita yang ingin perlindungan jangka menengah tanpa perlu repot kontrol berkala.
4. KB suntik progestin
KB suntik berisikan hormon progestin yang disuntikkan setiap 1–3 bulan sekali, sesuai jadwal dari tenaga kesehatan. KB suntik progestin aman untuk ibu menyusui, serta memiliki tingkat efektivitas yang tinggi dalam mencegah kehamilan jika digunakan secara konsisten. 
Hanya saja, penggunaannya tetap perlu dipantau agar Anda tidak lupa jadwal suntik selanjutnya. KB suntik juga bisa menimbulkan efek samping, seperti perubahan siklus haid yang menjadi tidak teratur atau terlambat.
5. Pil KB progestin
Jenis KB yang paling aman berikutnya adalah pil KB progestin. Tidak hanya membantu mencegah kehamilan, pil KB juga menjadi pilihan yang aman bagi ibu menyusui karena kandungannya tidak memengaruhi produksi ASI ibu.
Risiko efek samping pil KB juga cenderung lebih rendah, terutama dalam hal keluhan seperti sakit kepala atau mual. Namun, pil ini harus diminum setiap hari pada jam yang sama agar tingkat efektivitasnya dalam mencegah kehamilan bisa tetap terjaga.
6. Cincin vagina
Cincin vagina adalah alat kontrasepsi berbentuk lingkaran lentur berisi hormon estrogen dan progestin yang dimasukkan ke dalam vagina setiap bulan, lalu dikeluarkan setelah 3 minggu. Cincin ini mencegah kehamilan dengan menghambat ovulasi dan menebalkan lendir serviks.
Cincin vagina dapat digunakan sendiri di rumah dan cukup nyaman jika sudah terbiasa. Efek sampingnya mirip pil KB kombinasi, seperti perdarahan ringan di luar jadwal haid atau nyeri payudara. Alat ini tidak melindungi dari IMS, sehingga sebaiknya digunakan bersamaan dengan kondom jika berisiko tertular penyakit.
7. Cervical cap
Cervical cap adalah alat berbahan silikon atau lateks yang berfungsi menutupi leher rahim agar sperma tidak dapat mencapai sel telur. Penggunaannya harus dipasang sebelum berhubungan seksual dan dilepas beberapa jam setelahnya.
Cervical cap tidak mengandung hormon, sehingga cocok untuk wanita yang sensitif terhadap efek hormonal, dan dapat digunakan berulang kali dengan perawatan yang tepat.
Namun, efektivitasnya paling baik pada wanita yang belum pernah melahirkan secara vagina, dan kadang sulit dipasang untuk beberapa orang. Cervical cap juga tidak melindungi dari IMS.
8. KB Koyo
KB koyo adalah metode kontrasepsi berbentuk plester tipis yang ditempelkan pada kulit di area lengan, perut, punggung, atau bokong. KB koyo mengandung hormon estrogen dan progestin yang akan diserap ke dalam tubuh melalui kulit, kemudian bekerja dengan cara mencegah ovulasi dan menebalkan lendir serviks agar sperma sulit mencapai sel telur.
KB koyo diganti sekali seminggu selama tiga minggu, lalu minggu keempat tidak menggunakan koyo agar menstruasi terjadi. Metode ini sangat praktis, terutama bagi yang sulit disiplin minum pil KB setiap hari. Efektivitasnya mirip dengan pil KB jika digunakan sesuai petunjuk.
Efek samping yang mungkin muncul antara lain iritasi di area kulit yang ditempeli koyo, mual, atau sakit kepala. Tidak semua perempuan cocok menggunakan KB koyo, terutama bagi yang berisiko tinggi terkena penyakit jantung atau migrain berat selalu pastikan konsultasi terlebih dahulu dengan dokter sebelum memilih KB ini.
Hal yang Perlu Diperhatikan Sebelum Memilih KB
Sebelum menentukan pilihan KB yang paling aman, berikut ini adalah beberapa hal penting yang perlu Anda perhatikan lebih dulu:
Konsultasikan kondisi kesehatan dengan dokter, terutama bila Anda memiliki penyakit kronis, seperti hipertensi, diabetes, atau penyakit jantung.
Perhatikan efek samping, misalnya perdarahan di luar haid, perubahan siklus menstruasi, sakit kepala, kenaikan berat badan, atau penurunan gairah seksual.
Pilih KB yang tidak mengganggu produksi ASI apabila sedang menyusui.
Konsistensi dalam penggunaan sangat penting, terutama pada metode pil KB atau suntik.
Berkonsultasi pada dokter untuk mengganti metode KB jika muncul keluhan atau efek samping yang mengganggu.
Saat memilih KB atau alat kontrasepsi apa pun, penting untuk mengutamakan tingkat efektivitas, kenyamanan, dan keamanan Anda. Meski demikian, setiap orang bisa memiliki kebutuhan yang berbeda, tergantung kondisi kesehatan dan gaya hidup.
Oleh karena itu, memilih KB yang paling aman sebaiknya selalu dilakukan setelah berkonsultasi dengan dokter agar metode yang dipilih benar-benar sesuai dengan kondisi tubuh dan kebutuhan Anda. 
Jika Anda masih ragu atau memiliki pertanyaan khusus, manfaatkan fitur Chat Bersama Dokter di aplikasi ALODOKTER ya. Dengan informasi yang tepat, Anda bisa menjalani program KB dengan lebih tenang dan tetap menjaga kesehatan reproduksi."
Kebutuhan Kalori Harian Wanita dan Cara Memenuhinya,KESEHATAN,https://www.alodokter.com/kebutuhan-kalori-harian-wanita-dan-cara-memenuhinya,Terakhir diperbarui: 10 September 2025,Kebutuhan kalori harian wanita dipengaruhi oleh usia dan kondisi kesehatan masing-masing. Memenuhi asupan kalori dengan...,"Kebutuhan kalori harian wanita dipengaruhi oleh usia dan kondisi kesehatan masing-masing. Memenuhi asupan kalori dengan tepat tidak hanya membantu menjaga berat badan tetap ideal, tetapi juga mendukung energi dan kesehatan tubuh secara menyeluruh.
Kebutuhan kalori harian wanita tidak selalu sama. Setiap fase kehidupan, mulai dari remaja, dewasa, hamil, hingga menyusui, membutuhkan asupan kalori yang berbeda-beda. Kalori itu sendiri adalah pengukuran energi yang diperoleh tubuh dari makanan dan minuman yang dikonsumsi.
Kebutuhan kalori harian wanita yang tidak tercukupi bisa membuat tubuh mudah lemas, sedangkan kelebihan kalori berisiko menyebabkan penambahan berat badan dan berbagai gangguan kesehatan.
Kebutuhan Kalori Harian Wanita yang Harus Dipenuhi
Mengetahui kebutuhan kalori harian wanita dapat mempermudah perencanaan pola makan dan gaya hidup sehat. Berikut anjuran kalori harian wanita berdasarkan angka kecukupan gizi (AKG):
Usia 10–12 tahun 1900 kkal
Usia 13–15 tahun 2050 kkal
Usia 16–18 tahun 2100 kkal
Usia 19–29 tahun 2250 kkal
Usia 30–49 tahun 2150 kkal
Usia 50–64 tahun 1800 kkal
Usia 65–80 tahun 1550 kkal
Usia 80 tahun ke atas 1400 kkal
Ibu hamil perlu menambahkan 180 kkal kalori pada trimester 1 serta 300 kkal kalori pada trimester 2 dan 3. Tidak hanya itu, ibu menyusui juga perlu menambahkan 330 kkal kalori pada 6 bulan pertama menyusui, serta 400 kkal kalori pada 6 bulan kedua menyusui.
Kebutuhan kalori harian wanita juga dipengaruhi oleh intensitas aktivitas fisiknya. Gunakan kalkulator kalori dengan formula Harris-Benedict, sehingga kebutuhan kalori akan dihitung berdasarkan berat badan, tinggi badan, usia, dan aktivitas sehari-hari.
Kebutuhan Kalori Harian Wanita dan Cara Memenuhinya
Agar kebutuhan kalori harian wanita tercukupi dan tubuh tetap sehat, berikut beberapa langkah yang dapat dilakukan:
1. Pilih sumber makanan bergizi yang beragam
Pastikan menu harianmu terdiri dari berbagai kelompok makanan. Konsumsi protein tanpa lemak (ayam tanpa kulit, ikan, dan telur), protein nabati (tahu dan tempe), sayur-sayuran hijau, serta buah-buahan.
Selain itu, mengonsumsi karbohidrat kompleks, seperti nasi merah, oatmeal, ubi, atau singkong, juga dianjurkan karena merupakan sumber energi yang baik dan membuat rasa kenyang lebih lama. Jangan lupakan juga lemak sehat dari kacang-kacangan, biji-bijian, atau minyak zaitun yang dapat mendukung kesehatan jantung dan otak.
2. Batasi makanan tinggi gula dan lemak jenuh
Konsumsi makanan atau minuman manis, makanan tinggi lemak jenuh, serta makanan cepat saji secara berlebihan bisa melebihi kebutuhan kalori harian wanita, serta meningkatkan risiko penyakit kronis. Oleh karena itu, makanan tinggi gula dan lemak jenuh sebaiknya dibatasi agar asupan nutrisi tetap seimbang.
3. Tentukan jadwal makan yang tepat
Kebutuhan kalori harian wanita juga dapat dipenuhi dengan membagi waktu makan dengan tepat. Atur jadwal makan 3 kali sehari, yaitu sarapan, makan siang, dan makan malam.
Selain itu, buat jadwal ngemil sehat sebanyak 2 kali sehari dengan mengonsumsi buah segar, yoghurt, atau kacang almond, guna menjaga energi tubuh dan mencegah lapar.
4. Terapkan metode “isi piringku”
Isi piringku adalah metode praktis untuk mengatur porsi makan dengan sehat. Setengah dari piring diisi sayur dan buah, seperempat bagian untuk lauk berprotein, dan seperempat sisanya diisi karbohidrat, seperti nasi atau kentang.
Cara ini dapat memudahkan pemenuhan kebutuhan kalori harian wanita dengan gizi seimbang tanpa harus menakar berat makanan satu per satu.
5. Hitung kebutuhan kalori pribadi
Setiap wanita memiliki kebutuhan kalori harian yang berbeda-beda. Oleh karena itu, dianjurkan untuk menghitung kebutuhan kalori berdasarkan usia, berat badan, tinggi badan, dan intensitas aktivitas masing-masing. Dengan begitu, kamu bisa menyusun menu harian dengan lebih tepat dan terhindar dari kekurangan atau kelebihan kalori.
Kekurangan kalori dapat membuat tubuh mudah lemas dan sakit, menurunkan konsentrasi, menurunkan berat badan, rambut rontok, serta mengacaukan siklus menstruasi.
Sedangkan, kelebihan kalori bisa menyebabkan kegemukan atau obesitas, gangguan hormon, penyakit metabolik (hipertensi, diabetes tipe 2, kolesterol tinggi, dan penyakit jantung), serta berbagai masalah kesehatan lain, seperti perlemakan hati, sleep apnea, dan masalah pada sendi dan tulang.
Memenuhi kebutuhan kalori harian wanita dengan tepat dapat membantu menjaga berat badan, energi tubuh, serta kesehatan jangka panjang. Jika kamu masih bingung menghitung kebutuhan kalori atau ragu memilih menu makan harian, jangan ragu untuk berkonsultasi dengan dokter secara online melalui Chat Bersama Dokter.
Dokter tidak hanya bisa membantu menghitung kebutuhan kalorimu, tetapi juga dapat membuatkan jadwal dan menu makan yang tepat sesuai kondisi kesehatanmu."
6 Manfaat Black Garlic Tunggal dan Cara Mengonsumsinya,HIDUP SEHAT,https://www.alodokter.com/6-manfaat-black-garlic-tunggal-dan-cara-mengonsumsinya,Terakhir diperbarui: 10 September 2025,Manfaat black garlic tunggal semakin dikenal karena kandungan antioksidan dan nutrisinya yang tinggi. Bawang putih...,"Manfaat black garlic tunggal semakin dikenal karena kandungan antioksidan dan nutrisinya yang tinggi. Bawang putih hasil fermentasi ini dipercaya dapat membantu menjaga daya tahan tubuh sekaligus menurunkan risiko berbagai penyakit kronis.
Black garlic tunggal adalah bawang putih tunggal yang telah melalui proses fermentasi pada suhu dan kelembapan tertentu selama beberapa minggu. Proses ini membuat warnanya berubah menjadi hitam, rasanya lebih manis, teksturnya lembut, serta kandungan antioksidannya meningkat dibanding bawang putih biasa.
Tidak heran jika black garlic tunggal banyak dimanfaatkan sebagai suplemen alami untuk mencegah berbagai penyakit kronis. Berbagai manfaat garlic tunggal ini tentunya berasal dari kandungan nutrisi penting di dalamnya.
Berbagai Manfaat Black Garlic Tunggal
Black garlic tunggal mengandung antioksidan tinggi, seperti S-allyl-cysteine (SAC), serta vitamin C, kalsium, fosfor, prebiotik, asam amino, senyawa organosulfur, gula alami, dan polifenol.
Berkat kandungan nutrisi di dalamnya, ada beberapa manfaat black garlic tunggal yang bisa Anda dapatkan:
1. Meningkatkan daya tahan tubuh
Kandungan antioksidan dan vitamin C pada black garlic tunggal dipercaya dapat membantu memperkuat sistem kekebalan tubuh. Asupan nutrisi ini dapat melawan radikal bebas yang bisa menyebabkan infeksi atau penyakit.
Dengan daya tahan tubuh yang lebih kuat, tubuh menjadi lebih siap menghadapi serangan virus dan bakteri. Inilah salah satu alasan manfaat black garlic tunggal semakin diminati sebagai suplemen alami.
2. Mendukung kesehatan pencernaan
Fermentasi pada black garlic tunggal menghasilkan senyawa prebiotik yang bermanfaat bagi pertumbuhan bakteri baik di usus. Kondisi ini sangat penting untuk menjaga fungsi dan kesehatan saluran pencernaan.
Dengan pencernaan yang sehat, tubuh lebih mudah menyerap nutrisi dan terhindar dari gangguan, seperti sembelit atau perut kembung.
3. Mengontrol kadar gula darah
Beberapa penelitian menunjukkan bahwa konsumsi black garlic tunggal dapat membantu menurunkan dan menstabilkan kadar gula darah. Efek ini sangat bermanfaat terutama bagi penderita diabetes.
Manfaat black garlic tunggal yang satu ini tentunya dapat membantu mencegah komplikasi akibat gula darah tinggi.
4. Menjaga kesehatan otak
Antioksidan pada black garlic tunggal juga memberikan perlindungan terhadap sel-sel otak dari kerusakan akibat radikal bebas. Perlindungan ini bisa membantu menurunkan risiko penyakit neurodegeneratif, seperti demensia atau Alzheimer. Dengan begitu, fungsi kognitif dan daya ingat dapat tetap optimal seiring bertambahnya usia.
5. Menjaga kesehatan jantung
Black garlic tunggal mengandung senyawa S-allyl-cysteine (SAC) yang terbentuk selama proses fermentasi dan dikenal mampu menurunkan kadar kolesterol jahat (LDL) serta tekanan darah tinggi. Kedua faktor ini sangat penting untuk mencegah terjadinya penyumbatan pembuluh darah dan menjaga kerja jantung tetap stabil.
Selain itu, efek antioksidannya juga membantu mengurangi kerusakan sel akibat radikal bebas yang berperan dalam proses penyakit jantung.
6. Mengurangi risiko terjadinya penyakit kronis
Kandungan antioksidan black garlic tunggal yang lebih tinggi bisa membantu melindungi sel-sel tubuh dari kerusakan. Hal ini berarti tubuh lebih terlindungi dari risiko penyakit kronis, seperti diabetes tipe 2, kanker, atau gangguan degeneratif lainnya.
Rutin mengonsumsi black garlic tunggal sebagai bagian dari pola makan sehat, dapat menjadi salah satu upaya pencegahan dini terhadap berbagai penyakit kronis.
Cara Mengonsumsi Black Garlic Tunggal
Ada berbagai cara untuk mengonsumsi black garlic tunggal. Bawang hitam ini dapat dinikmati langsung atau diolah terlebih dahulu sebagai tambahan pada berbagai hidangan. Black garlic tunggal juga bisa digunakan sebagai pengganti bawang putih biasa untuk memberikan rasa manis dan aroma khas pada masakan.
Anda bisa mencampurkan black garlic tunggal saat memasak daging, sup, atau sayuran untuk memperkaya cita rasa. Selain itu, black garlic tunggal juga sering dikonsumsi sebagai pelengkap, yaitu dengan memotongnya kecil-kecil dan menaburkannya di atas makanan, seperti roti, nasi goreng, tumisan, atau salad.
Meski manfaat black garlic tunggal cukup menjanjikan berdasarkan sejumlah penelitian, efeknya bisa berbeda-beda pada tiap orang. Pola makan sehat dan gaya hidup sehat tetap menjadi kunci utama menjaga kesehatan tubuh.
Jika Anda berminat mencoba black garlic tunggal sebagai suplemen alami, gunakan dalam batas wajar dan pastikan produk yang dikonsumsi sudah terjamin aman.
Selain itu, wanita hamil, sedang menyusui, anak-anak, dan penderita penyakit kronis, sebaiknya tidak mengonsumsi black garlic tunggal tanpa persetujuan dokter karena bukti keamanan masih terbatas.
Jika memiliki kondisi medis khusus atau muncul keluhan setelah mengonsumsi black garlic tunggal, jangan ragu untuk Chat Bersama Dokter melalui aplikasi ALODOKTER. Langkah ini bertujuan agar manfaat black garlic tunggal bisa diperoleh dengan aman dan tidak menimbulkan risiko bagi kesehatan."
5 Efek Samping Minum Rebusan Daun Ciplukan yang Perlu Diwaspadai,HIDUP SEHAT,https://www.alodokter.com/5-efek-samping-minum-rebusan-daun-ciplukan-yang-perlu-diwaspadai,Terakhir diperbarui: 10 September 2025,Efek samping minum rebusan daun ciplukan penting untuk diperhatikan sebelum Anda rutin mengonsumsinya. Meski punya...,"Efek samping minum rebusan daun ciplukan penting untuk diperhatikan sebelum Anda rutin mengonsumsinya. Meski punya banyak manfaat, daun ciplukan bukan berarti tidak memiliki efek samping. Dengan memahami efek sampingnya, Anda bisa mendapatkan manfaat daun ciplukan secara lebih bijak dan aman.
Daun ciplukan (Physalis angulata) telah lama digunakan sebagai obat herbal di Indonesia untuk mengobati berbagai penyakit, seperti diabetes, hipertensi, dan radang sendi. Meski begitu, penelitian mengenai manfaat dan efek samping daun ciplukan pada manusia masih terbatas.
Beberapa kandungan aktif di dalam ciplukan memang diyakini bermanfaat, tapi juga bisa menimbulkan reaksi tertentu pada sebagian orang, terlebih jika dikonsumsi berlebihan atau bersamaan dengan obat lain. 
Oleh karena itu, penting untuk memahami efek samping daun ciplukan sekaligus tindakan pencegahan sebelum rutin mengonsumsi rebusan obat herbal ini.
Berbagai Efek Samping Minum Rebusan Daun Ciplukan
Berikut ini adalah beberapa efek samping minum rebusan daun ciplukan yang umum terjadi:
1. Gangguan pencernaan
Salah satu efek samping minum rebusan daun ciplukan yang cukup sering dikeluhkan adalah munculnya gangguan pencernaan, seperti kembung, mual, muntah, atau diare. Kondisi ini bisa terjadi karena kandungan senyawa aktif di dalam daun ciplukan dapat memicu iritasi ringan pada saluran cerna, terutama pada orang yang lebih sensitif.
Jika Anda mengalami gangguan pencernaan setelah minum rebusan daun ciplukan, sebaiknya hentikan konsumsi terlebih dahulu dan perhatikan apakah keluhan akan membaik.
2. Reaksi alergi
Reaksi alergi juga dapat terjadi sebagai efek samping minum rebusan daun ciplukan, terutama pada orang yang memiliki riwayat alergi terhadap tanaman tertentu. Tanda-tanda alergi yang bisa muncul adalah gatal-gatal, ruam merah, atau bengkak pada kulit, bibir, dan kelopak mata.
Pada kasus yang jarang, reaksi alergi berat bisa memicu sesak napas atau syok anafilaksis. Jika Anda mengalami gejala alergi sesaat setelah mengonsumsi rebusan daun ciplukan, sebaiknya segera hentikan konsumsi dan cari pertolongan medis.
3. Gula darah turun berlebihan
Daun ciplukan banyak digunakan untuk membantu menurunkan kadar gula darah. Namun, konsumsi daun ciplukan bersamaan dengan obat diabetes dapat meningkatkan risiko hipoglikemia atau penurunan gula darah berlebihan. 
Beberapa keluhan yang bisa muncul adalah lemas, berkeringat dingin, pusing, jantung berdebar, bahkan kehilangan kesadaran bila tidak segera ditangani.
Oleh karena itu, penderita diabetes yang rutin minum obat penurun gula darah perlu sangat berhati-hati jika ingin mencoba rebusan daun ciplukan.
4. Gangguan fungsi hati dan ginjal
Meski jarang terjadi, konsumsi rebusan daun ciplukan dalam jangka panjang atau dalam dosis tinggi diyakini dapat memengaruhi fungsi hati dan ginjal. Hal ini berkaitan dengan adanya zat aktif tertentu di dalam daun ciplukan yang berpotensi menimbulkan efek toksik bila digunakan secara berlebihan. 
Efek samping minum rebusan daun ciplukan ini lebih tinggi terjadi pada orang yang memang sudah memiliki gangguan pada organ tersebut.
Untuk menjaga kesehatan hati dan ginjal, sebaiknya hindari konsumsi rebusan daun ciplukan dalam jumlah besar atau secara rutin tanpa pengawasan dokter. 
5. Konsumsi obat tertentu
Kandungan dalam daun ciplukan dapat berinteraksi dengan obat-obatan tertentu, seperti obat diabetes, obat tekanan darah tinggi, atau obat antikoagulan. Interaksi ini bisa menyebabkan obat bekerja terlalu kuat atau justru menjadi kurang efektif, sehingga berisiko menimbulkan efek samping atau komplikasi. 
Untuk mencegah dampak interaksi obat, sebaiknya informasikan pada dokter tentang semua jenis obat atau suplemen herbal yang Anda konsumsi.
Tips Aman Mengonsumsi Rebusan Daun Ciplukan
Agar terhindar dari efek samping rebusan daun ciplukan, berikut langkah-langkah yang sebaiknya dilakukan:
Konsumsi rebusan daun ciplukan dalam jumlah sedikit terlebih dahulu untuk melihat bagaimana reaksi tubuh Anda.
Hindari konsumsi daun ciplukan jika Anda memiliki riwayat alergi terhadap tanaman herbal atau masalah fungsi hati dan ginjal.
Segera hentikan konsumsi jika muncul gejala tidak nyaman, seperti gatal, ruam, muntah, atau pusing.
Penelitian tentang cara pakai, dosis, dan efek samping minum rebusan daun ciplukan masih sangat terbatas. Oleh karena itu, hindari mengonsumsi daun ciplukan sebagai pengobatan utama untuk penyakit tertentu.
Jika sedang mengonsumsi obat tertentu atau memiliki penyakit kronis, diskusikan dulu dengan dokter sebelum mencoba rebusan daun ciplukan. Hal ini dilakukan agar terhindar dari risiko interaksi atau komplikasi yang tidak diinginkan.
Anda bisa memanfaatkan fitur Chat Bersama Dokter di aplikasi ALODOKTER untuk mendapatkan jawaban cepat mengenai efek samping minum rebusan daun ciplukan."
6 Efek Samping Salbutamol dan Tips Mencegahnya,KESEHATAN,https://www.alodokter.com/6-efek-samping-salbutamol-dan-tips-mencegahnya,Terakhir diperbarui: 10 September 2025,"Efek samping salbutamol umumnya hanya berupa keluhan yang ringan dan bersifat sementara. Meski begitu, penting...","Efek samping salbutamol umumnya hanya berupa keluhan yang ringan dan bersifat sementara. Meski begitu, penting untuk mengenali risiko dari konsumsi obat sesak napas ini agar tetap aman dan sesuai dengan anjuran dokter.
Salbutamol bekerja dengan melebarkan saluran napas sehingga membuat pernapasan menjadi lebih lega. Obat ini sering diresepkan untuk meredakan sesak napas akibat asma, PPOK, atau kondisi lain yang menyebabkan penyempitan saluran napas.
Seperti obat pada umumnya, salbutamol dapat menimbulkan efek samping, mulai dari yang ringan hingga efek serius yang memerlukan penanganan medis. Dengan mengetahui efek samping salbutamol, diharapkan Anda bisa lebih waspada dan tidak panik jika muncul keluhan.
Berbagai Efek Samping Salbutamol
Berikut ini adalah beberapa efek samping salbutamol yang umum dialami oleh penggunanya:
1. Sakit kepala
Sakit kepala bisa terjadi terutama di awal penggunaan salbutamol, baik dalam bentuk tablet, sirup, maupun inhaler. Sakit kepala biasanya terasa ringan, seperti kepala terasa tegang. Setelah tubuh menyesuaikan dengan obat, efek samping salbutamol ini umumnya akan hilang dengan sendirinya.
2. Pusing
Pusing yang muncul bisa terasa seperti kepala ringan, melayang, atau susah fokus. Efek samping ini biasanya terjadi sesaat setelah mengonsumsi salbutamol, misalnya setelah menggunakan inhaler.
Jika pusing terasa, sebaiknya Anda duduk dan beristirahat sejenak sampai keluhan mereda. Hindari mengemudi atau menjalankan mesin berat jika masih merasa pusing.
3. Gelisah atau cemas
Salbutamol dapat memengaruhi sistem saraf sehingga menyebabkan perasaan gelisah, gugup, atau jantung berdebar tanpa sebab yang jelas. Beberapa pengguna biasanya merasa tidak bisa tenang atau sulit tidur setelah minum salbutamol.
Efek samping salbutamol ini biasanya akan berkurang jika penggunaan sesuai dosis dan tubuh sudah beradaptasi dengan obat.
4. Mual atau muntah
Sebagian orang merasakan mual, rasa tidak nyaman di lambung, atau bahkan muntah setelah mengonsumsi salbutamol, khususnya dalam bentuk tablet atau sirup. Untuk mengurangi risiko ini, minum obat sesuai petunjuk dokter dan hindari makan berlebihan sebelum konsumsi obat.
5. Tangan dan kaki gemetar (tremor)
Efek samping salbutamol ini berupa getaran halus pada tangan atau jari, sehingga tangan sulit diam saat melakukan gerakan, seperti menulis atau memegang benda kecil. Tremor biasanya ringan dan akan mereda setelah tubuh terbiasa dengan obat.
6. Kram otot
Beberapa orang juga bisa mengalami kram pada otot, misalnya kaki terasa tertarik atau nyeri secara tiba-tiba. Efek ini lebih sering terjadi pada penggunaan salbutamol jangka panjang atau dengan dosis tinggi. Keluhan biasanya akan membaik jika asupan cairan cukup dan banyak beristirahat.
Efek samping ringan salbutamol umumnya tidak berbahaya dan akan membaik dengan sendirinya. Namun, bila disalahgunakan, obat ini dapat menyebabkan efek samping berat yang harus diwaspadai, seperti:
Detak jantung terlalu cepat, terlalu lambat, atau tidak teratur
Nyeri dada
Sesak napas, mengi, atau batuk yang memburuk
Reaksi alergi obat, seperti ruam kemerahan, bengkak pada wajah, kelopak mata, atau bibir, serta sesak napas berat
Jika Anda atau keluarga mengalami salah satu efek samping serius di atas, segera ke IGD rumah sakit terdekat untuk mendapatkan penanganan medis yang cepat dan tepat.
Tips Mencegah Efek Samping Salbutamol
Untuk mencegah efek samping salbutamol, ini adalah beberapa tips yang perlu dilakukan:
Gunakan salbutamol sesuai dosis dan petunjuk dokter.
Jangan menambah atau mengurangi dosis tanpa persetujuan dokter.
Beritahu dokter tentang riwayat penyakit jantung atau kondisi medis lain.
Hindari penggunaan bersamaan dengan obat tertentu tanpa konsultasi dokter.
Lakukan pemeriksaan berkala jika menggunakan salbutamol dalam jangka panjang.
Simpan obat pada tempat yang sesuai dan jauh dari jangkauan anak-anak.
Jangan menggunakan obat yang sudah kedaluwarsa.
Sebagian besar efek samping salbutamol bersifat ringan, apalagi jika digunakan sesuai dosis dan petunjuk dokter. Namun, jika Anda memiliki riwayat penyakit jantung, penting untuk berkonsultasi dengan dokter sebelum mulai menggunakan salbutamol.
Penggunaan salbutamol pada umumnya aman jika Anda mengikuti aturan dan dosis yang diberikan dokter. Bila Anda ingin mengetahui lebih lanjut mengenai efek samping salbutamol, manfaatkan fitur Chat Bersama Dokter di aplikasi ALODOKTER untuk mendapatkan jawaban yang cepat dan terpercaya sesuai kebutuhan Anda."
Perawatan Diri untuk Disfungsi Ereksi yang Paling Ampuh,KESEHATAN,https://www.alodokter.com/perawatan-diri-untuk-disfungsi-ereksi-yang-paling-ampuh,Terakhir diperbarui: 10 September 2025,"Perawatan diri untuk disfungsi ereksi bisa dilakukan dengan menerapkan gaya hidup sehat, seperti rutin berolahraga...","Perawatan diri untuk disfungsi ereksi bisa dilakukan dengan menerapkan gaya hidup sehat, seperti rutin berolahraga serta menjaga kualitas tidur. Berbagai langkah ini bisa menjadi solusi untuk menjaga performa seksual pria tanpa perlu bergantung pada obat-obatan.
Disfungsi ereksi atau impotensi merupakan masalah seksual pria yang banyak dialami, tapi sering dianggap tabu atau memalukan untuk dibicarakan. Padahal, berbagai langkah perawatan diri untuk disfungsi ereksi dapat mengatasi masalah ini, serta memberikan dampak positif pada aspek emosional dan psikologis pria.
Perawatan Diri untuk Disfungsi Ereksi
Berikut beberapa langkah perawatan diri untuk disfungsi ereksi atau impotensi yang ampuh dan aman untuk diterapkan:
1. Rutin berolahraga
Rutin berolahraga merupakan perawatan diri untuk disfungsi ereksi yang paling mudah diterapkan.
Lakukan olahraga secara teratur, seperti berjalan kaki selama 30 menit setiap hari, bersepeda, berenang, senam aerobik, atau senam kegel, untuk meningkatkan aliran darah ke organ vital dan memperkuat otot panggul yang berperan dalam proses ereksi.
Selain itu, olahraga juga bisa membantu menjaga berat badan tetap stabil, sehingga risiko disfungsi ereksi berkurang.
2. Jaga pola makan sehat
Perawatan diri untuk disfungsi ereksi juga bisa dilakukan dengan menjaga pola makan. Perbanyak konsumsi makanan-makanan sehat berikut:
Buah-buahan, seperti apel, kiwi, jeruk, dan alpukat, semangka
Sayur-sayuran, seperti wortel, tomat, dan sayuran hijau
Ikan salmon, tuna, dan sarden
biji-bijian utuh, seperti oats, nasi merah, dan quinoa
Kacang-kacangan, seperti almond, kacang kenari, pistachio
Dark chocolate
Selain itu, batasi makanan yang mengandung lemak jenuh, gula, garam, serta makanan olahan, seperti gorengan, makanan cepat saji, atau minuman manis, agar dapat terhindar dari lemah syahwat.
3. Kelola stres dengan baik
Stres dan kecemasan juga perlu dikendalikan sebagai bagian dari perawatan diri untuk disfungsi ereksi. Aktivitas seperti meditasi, yoga, atau latihan pernapasan bisa membantu menjaga fungsi ereksi. Jika perlu, ajak pasangan berdiskusi atau konsultasikan dengan dokter dan psikolog untuk dapat memperbaiki kualitas seks.
4. Tidur yang cukup dan berkualitas
Perawatan diri untuk disfungsi ereksi juga perlu membiasakan tidur yang cukup, yaitu sekitar 7–9 jam per malam agar kadar hormon dan energi tubuh terjaga. Selain itu, batasi penggunaan gadget sebelum tidur serta ciptakan suasana kamar tidur yang nyaman agar tidur berkualitas.
5. Berhenti merokok dan batasi konsumsi alkohol
Berhenti merokok dan membatasi alkohol juga penting untuk mencegah atau mengatasi disfungsi ereksi. Bukan tanpa alasan, merokok dapat merusak pembuluh darah, sementara konsumsi alkohol berlebihan dapat menurunkan kadar testosteron.
6. Libatkan pasangan
Komunikasi yang terbuka dengan pasangan dapat mengurangi tekanan psikologis dan meningkatkan kepercayaan diri saat berhubungan seksual.
Libatkan pasangan dengan berolahraga, menyiapkan makanan sehat, serta mengelola stres bersama-sama. Dukungan emosional dari pasangan terbukti dapat membantu mengoptimalkan perawatan diri untuk disfungsi ereksi.
7. Konsumsi bahan herbal
Anda juga dapat mengonsumsi bahan herbal, seperti ginseng atau jahe yang diketahui dapat memperbaiki fungsi ereksi. Namun, manfaatnya masih belum terbukti sepenuhnya dan tidak boleh dijadikan pengganti obat medis. Konsultasikan dengan dokter terlebih dahulu sebelum mengonsumsi obat-obatan atau bahan herbal.
Saat mencoba perawatan diri untuk disfungsi ereksi, pahami bahwa tidak semua kasus bisa diatasi secara mandiri. Bila keluhan berlangsung lebih dari beberapa minggu atau bertambah parah, segera konsultasikan dengan dokter secara online melalui Chat Bersama Dokter.
Jangan malu atau menunda mencari bantuan profesional jika perawatan diri untuk disfungsi ereksi tidak efektif. Pasalnya, disfungsi ereksi bisa menjadi tanda penyakit lain yang lebih serius, seperti diabetes, hipertensi, atau gangguan jantung, sehingga diperlukan pemeriksaan dan penanganan yang tepat."
5 Ciri-Ciri Kanker Kelenjar Getah Bening Stadium 1 yang Perlu Diwaspadai,KESEHATAN,https://www.alodokter.com/5-ciri-ciri-kanker-kelenjar-getah-bening-stadium-1-yang-perlu-diwaspadai,Terakhir diperbarui: 11 September 2025,"Ciri-ciri kanker kelenjar getah bening stadium 1 biasanya masih ringan dan sering tidak disadari, sehingga...","Ciri-ciri kanker kelenjar getah bening stadium 1 biasanya masih ringan dan sering tidak disadari, sehingga mudah terabaikan. Namun, mengenali gejala awal ini sangat penting karena deteksi dini dapat meningkatkan peluang keberhasilan pengobatan dan kesembuhan.
Kanker kelenjar getah bening (limfoma) merupakan jenis kanker yang menyerang sistem limfatik, yaitu bagian penting dari pertahanan tubuh terhadap infeksi. Pada stadium 1, kanker masih terbatas pada satu area atau kelompok kelenjar getah bening, sehingga peluang pengobatan lebih besar jika terdeteksi sejak dini.
Ciri-ciri kanker kelenjar getah bening stadium 1 sering kali tampak samar dan menyerupai keluhan ringan, misalnya sering merasa lelah atau muncul benjolan kecil tanpa rasa nyeri. Oleh karena itu, mengenali tanda-tanda awal penyakit ini sangat penting agar deteksi dan pengobatan dapat dilakukan sedini mungkin.
Ciri-Ciri Kanker Kelenjar Getah Bening Stadium 1 yang Perlu Diwaspadai
Berikut beberapa ciri-ciri kanker kelenjar getah bening stadium 1 yang dapat menjadi petunjuk awal:
1. Benjolan tidak nyeri
Pada stadium 1, kanker kelenjar getah bening umumnya ditandai dengan munculnya benjolan di leher, ketiak, atau selangkangan. Benjolan ini terasa kenyal atau agak keras, dan berbeda dari benjolan akibat infeksi karena tidak menimbulkan rasa nyeri saat ditekan. 
Misalnya, jika Anda menemukan benjolan di leher yang ukurannya tetap atau perlahan membesar, tidak terasa sakit saat disentuh, dan tidak menghilang meski infeksi di tubuh sudah sembuh, kondisi tersebut perlu diwaspadai.
2. Pembesaran kelenjar getah bening tanpa sebab jelas
Pembesaran kelenjar ini biasanya terjadi tanpa penyebab yang jelas, misalnya bukan karena infeksi atau luka di area sekitarnya. Kondisi tersebut umumnya juga tidak disertai gejala lain, seperti demam, nyeri saat ditekan, atau kemerahan pada kulit sekitar benjolan. 
Oleh karena itu, Anda perlu waspada bila terjadi pembengkakan di ketiak tidak terasa sakit, tidak ada demam, atau tidak ada infeksi kulit di sekitarnya. 
3. Tubuh mudah lelah
Ciri-ciri kanker kelenjar getah bening stadium 1 lainnya adalah tubuh sering merasa lelah, meski sudah cukup tidur dan tidak melakukan aktivitas berat. Rasa lelah ini biasanya berlangsung lama, tidak membaik dengan istirahat, dan dapat mengganggu aktivitas sehari-hari. 
Kondisi ini bisa terlihat ketika Anda merasa lesu sepanjang hari, cepat merasa lelah setelah melakukan aktivitas ringan, atau sulit berkonsentrasi di kantor maupun sekolah.
4. Penurunan berat badan drastis
Berat badan bisa menurun drastis tanpa disertai diet maupun peningkatan aktivitas fisik yang berlebihan. Penurunan ini biasanya terjadi secara bertahap, tetapi cukup jelas terlihat, misalnya berat badan turun lebih dari 5 kilogram dalam beberapa bulan. 
Kondisi ini sering disadari ketika pakaian terasa semakin longgar atau orang di sekitar mulai melihat tubuh Anda tampak lebih kurus meski tidak sedang menjalani program penurunan berat badan.
5. Tubuh berkeringat di malam hari
Keringat malam merupakan salah satu gejala yang sering muncul pada penderita limfoma stadium 1, meski suhu ruangan normal dan tidak disertai demam. Kondisi ini biasanya ditandai dengan pakaian atau seprai yang basah oleh keringat saat bangun tidur.
Gejala tersebut bisa terasa mengganggu, misalnya Anda terbangun di tengah malam karena tubuh terasa berkeringat padahal cuaca sedang tidak panas.
Selain gejala di atas, ada juga beberapa keluhan lain yang bisa dialami, seperti demam ringan yang hilang-timbul atau kulit terasa gatal di area tertentu. Namun, gejala seperti nyeri hebat, penurunan nafsu makan berat, atau pembengkakan di banyak area tubuh umumnya baru muncul pada stadium yang lebih lanjut.
Ciri-ciri kanker kelenjar getah bening stadium 1 tidak selalu berarti kanker, karena benjolan juga bisa disebabkan oleh infeksi ringan. Namun, jika benjolan di leher, ketiak, atau selangkangan tidak mengecil setelah dua minggu, semakin membesar, atau disertai gejala lain, seperti penurunan berat badan dan keringat malam, sebaiknya segera melakukan pemeriksaan ke dokter.
Selain itu, Anda juga dianjurkan untuk melakukan pemeriksaan secara rutin dan mewaspadai setiap perubahan yang terjadi pada tubuh. Dengan begitu, deteksi dini pada stadium awal dapat menentukan keberhasilan pengobatan bila terjadi gangguan kesehatan tertentu.
Jika Anda mengalami gejala yang mengarah pada ciri-ciri kanker kelenjar getah bening stadium 1 di atas, jangan tunda untuk berkonsultasi ke dokter. Konsultasi dapat dilakukan di mana saja dan kapan saja serta cepat dan praktis melalui Chat Bersama Dokter di aplikasi Alodokter atau buat janji konsultasi langsung agar diagnosis dan pengobatan dapat segera dilakukan."
"Kenakalan Remaja, Kenali Penyebab, Dampak, dan Cara Menghadapinya",KESEHATAN,https://www.alodokter.com/kenakalan-remaja-kenali-penyebab-dampak-dan-cara-menghadapinya,Terakhir diperbarui: 11 September 2025,Kenakalan remaja adalah perilaku menyimpang yang dilakukan oleh anak usia remaja. Kondisi ini dapat memberikan...,"Kenakalan remaja adalah perilaku menyimpang yang dilakukan oleh anak usia remaja. Kondisi ini dapat memberikan dampak negatif, baik bagi diri remaja itu sendiri maupun lingkungan di sekitarnya, sehingga perlu diketahui penyebab serta cara menghadapinya sejak dini.
Kenakalan remaja sering menjadi perhatian banyak keluarga serta lingkungan sekolah. Kondisi ini bisa muncul akibat berbagai faktor, seperti lingkungan keluarga yang kurang harmonis, pengaruh teman sebaya, hingga penggunaan teknologi tanpa pengawasan.
Banyak remaja yang memiliki rasa ingin tahu tinggi dan ingin mencoba hal baru. Namun, tanpa bimbingan dan edukasi yang tepat, mereka berisiko terseret dalam perilaku negatif. Oleh karena itu, peran orang tua, guru, serta remaja sendiri sangat penting dalam mencegah dan mengatasi kenakalan remaja.
Kenakalan Remaja dan Penyebabnya
Ada beberapa faktor yang dapat menyebabkan kenakalan remaja. Berikut di antaranya:
1. Lingkungan keluarga kurang harmonis
Lingkungan keluarga sangat berperan dalam perkembangan karakter remaja. Jika orang tua sering bertengkar atau jarang memberikan dukungan, remaja bisa merasa diabaikan dan kesepian, sehingga bisa menyebabkan terciptanya kenakalan remaja.
Perasaan tidak aman di rumah mendorong remaja mencari perhatian atau kenyamanan di luar, yang kadang memicu perilaku menyimpang. Pola asuh yang terlalu ketat atau terlalu longgar juga dapat membuat remaja memberontak.
2. Pengaruh teman sebaya
Kenakalan remaja bisa disebabkan oleh pengaruh teman sebaya. Remaja cenderung ingin diterima oleh kelompoknya, sehingga mudah terpengaruh perilaku teman. Jika lingkungan pertemanan kurang positif, risiko melakukan kenakalan akan meningkat.
Tekanan untuk mengikuti kebiasaan kelompok sering membuat remaja melupakan nilai-nilai yang diajarkan di rumah. Mereka bisa terlibat bolos, tawuran, atau mencoba rokok serta alkohol untuk mendapat pengakuan.
3. Kurangnya edukasi dan komunikasi
Minimnya edukasi tentang bahaya pergaulan bebas atau aturan sosial membuat remaja salah langkah. Mereka mudah percaya informasi yang salah atau mengikuti tren tanpa tahu akibatnya.
Selain itu, komunikasi yang tidak terbuka antara remaja, orang tua, dan guru membuat masalah sulit diceritakan. Remaja yang merasa tidak punya tempat bercerita cenderung menyembunyikan masalahnya dan bertindak impulsif.
4. Penggunaan teknologi tanpa pengawasan
Akses internet tanpa pengawasan dapat membuat remaja terpapar konten negatif, seperti kekerasan atau pornografi. Media sosial juga memudahkan remaja menemukan kelompok yang tidak sehat, sehingga mendukung terjadinya kenakalan remaja.
Tanpa pengarahan, remaja mudah terlibat dalam cyberbullying atau tertarik mencoba tantangan viral yang berbahaya. Kebiasaan online yang tidak terkendali juga bisa mengganggu aktivitas belajar dan waktu istirahat.
5. Stres dan tekanan akademik
Tekanan dari sekolah atau harapan orang tua agar selalu berprestasi kadang membuat remaja stres. Jika tidak mampu menyesuaikan diri, remaja bisa merasa gagal dan kehilangan motivasi.
Untuk mengurangi beban perasaan, sebagian remaja memilih pelampiasan seperti begadang, merokok, atau mencari hiburan berlebihan. Kebiasaan ini, jika dibiarkan, dapat berkembang menjadi perilaku kenakalan remaja.
Kenakalan Remaja dan Dampaknya
Remaja pada dasarnya memiliki rasa ingin tahu yang cukup besar terhadap hal-hal baru. Tanpa adanya edukasi yang cukup dari orang tua, rasa ingin tahu ini dapat membuat remaja mencoba untuk mencari tahu sendiri hal-hal tersebut. Dampaknya, peluang remaja untuk melakukan kenakalan pun makin besar.
Berikut ini adalah dampak kenakalan remaja yang sering terjadi:
Gangguan prestasi akademik
Kenakalan remaja kerap menunjukkan penurunan motivasi belajar dan kurang disiplin di sekolah. Bolos, keterlambatan, hingga pelanggaran tata tertib bisa membuat nilai akademik menurun drastis. Jika tidak segera ditangani, kesulitan belajar dapat berlanjut dan memengaruhi masa depan pendidikan remaja tersebut.
Masalah kesehatan fisik dan mental
Merokok, minum alkohol, atau begadang sering menjadi pelarian bagi remaja yang terlibat kenakalan. Kebiasaan ini dapat menimbulkan berbagai masalah kesehatan fisik, seperti gangguan tidur, penurunan daya tahan tubuh, dan risiko penyakit jangka panjang. Selain itu, pola hidup tidak sehat juga bisa menyebabkan remaja mudah lelah dan kurang bugar.
Tidak hanya fisik, kesehatan mental pun terpengaruh. Tekanan lingkungan serta kurangnya dukungan bisa memicu stres, kecemasan, hingga depresi pada remaja. Perasaan tidak dihargai atau dikucilkan bisa memperburuk kondisi psikologis, bahkan meningkatkan risiko perilaku menyakiti diri sendiri.
Hubungan sosial memburuk
Remaja yang sering melakukan kenakalan cenderung menarik diri dari keluarga dan lingkungan positif. Mereka bisa menjadi lebih tertutup, sulit diajak komunikasi, dan lebih suka menghabiskan waktu dengan lingkungan yang kurang mendukung. Akibatnya, hubungan dengan orang tua, saudara, maupun teman lama bisa renggang.
Perilaku menyimpang juga membuat remaja sering mendapat cap negatif dari masyarakat. Mereka bisa dijauhi atau dikucilkan oleh teman sebaya maupun lingkungan sekitar. Hal ini membuat remaja semakin sulit mendapatkan dukungan sosial yang dibutuhkan untuk berkembang secara sehat.
Risiko terlibat tindak kriminal
Jika kenakalan remaja tidak segera ditangani, remaja bisa terjerumus ke perilaku yang melanggar hukum. Misalnya, pencurian, tawuran, perusakan fasilitas umum, atau penyalahgunaan narkoba. Keterlibatan dalam tindak kriminal dapat berujung pada masalah hukum yang serius dan memengaruhi masa depan remaja.
Kenakalan Remaja dan Cara Menghadapinya
Mengatasi kenakalan remaja membutuhkan kerja sama antara keluarga, lingkungan sekolah, dan remaja sendiri. Berikut ini adalah beberapa langkah yang bisa dilakukan:
Bangun komunikasi yang terbuka dan saling percaya antara remaja dan orang tua atau guru.
Berikan edukasi mengenai risiko dan dampak perilaku menyimpang secara jelas dan sederhana.
Awasi penggunaan teknologi dan media sosial, serta pantau lingkaran pergaulan anak secara bijak tanpa mengekang.
Libatkan remaja dalam kegiatan positif, seperti olahraga, seni, atau organisasi sekolah, agar mereka memiliki wadah untuk menyalurkan energi dan kreativitas.
Jika mengalami kesulitan dalam menghadapi perubahan perilaku akibat kenakalan remaja, jangan ragu untuk meminta bantuan pada konselor sekolah, psikolog, atau tenaga kesehatan profesional.
Perlu diketahui, kenakalan remaja bukan hanya masalah disiplin, tetapi juga merupakan tanda bahwa remaja membutuhkan perhatian, arahan, dan dukungan yang tepat dari lingkungan sekitarnya.
Oleh karena itu, jangan abaikan perubahan perilaku pada remaja, terutama jika berlangsung lama atau disertai penurunan prestasi dan masalah kesehatan, baik fisik maupun mental.
Jika Anda masih ragu dan memiliki pertanyaan lain seputar kenakalan remaja, jangan ragu untuk menggunakan layanan Chat Bersama Dokter di aplikasi ALODOKTER. Nantinya, Anda akan mendapatkan saran dan informasi seputar kesehatan fisik atau mental remaja."
8 Rekomendasi Shampo untuk Rambut Rontok dan Tipis,KESEHATAN,https://www.alodokter.com/rekomendasi-shampo-untuk-rambut-rontok-dan-tipis,Terakhir diperbarui: 11 September 2025,Shampo untuk rambut rontok dan tipis umumnya memiliki kandungan khusus yang dapat memperkuat akar rambut...,"Shampo untuk rambut rontok dan tipis umumnya memiliki kandungan khusus yang dapat memperkuat akar rambut sekaligus mendorong pertumbuhan rambut baru yang lebih tebal. Memilih shampo yang tepat dapat membantu menjaga kesehatan rambut secara keseluruhan dan meningkatkan rasa percaya diri.
Shampo untuk rambut rontok dan tipis umumnya mengandung bahan yang diformulasikan untuk menguatkan akar rambut, menutrisi kulit kepala agar tidak kering atau iritasi, serta melindungi rambut dari kerusakan. Beberapa kandungan tersebut misalnya biotin, keratin, zinc, dan ekstrak tumbuhan, seperti ginseng.
Penting untuk diketahui bahwa tidak semua shampo cocok untuk setiap jenis kerontokan, terutama jika kerontokan rambut disebabkan oleh penyakit, misalnya infeksi jamur, anemia, atau masalah hormon.
Pilihan Shampo Rambut untuk Rambut Rontok dan Tipis
Berikut ini adalah beberapa pilihan shampo terbaik yang dapat mengatasi rambut rontok dan tipis:
Serasoft Shampoo Hair Fall Treatment 340 ml
Harga: Rp66.400 per botol
Beli Serasoft Shampoo Hair Fall Treatment 340 ml di Aloshop
Beli di Aloshop
Serasoft mengandung DGA Serum dan sophora root yang mampu menutrisi rambut jauh lebih cepat dibandingkan dengan sampo biasa. Kombinasi kandungan bahan aktif ini bermanfaat untuk memperkuat akar rambut dan mencegah kerontokan berlebih.
Tidak hanya itu, pemakaian shampo untuk rambut rontok dan tipis dari Serasoft juga dapat membuat rambut lebih lembut dan wangi. Hasilnya, rambut pun kuat, sehat, dan sehat secara alami.
Pantene PRO-V Shampoo Hair Fall Control 70 ml
Harga: Rp29.500 per botol
Beli Pantene PRO-V Shampoo Hair Fall Control 70 ml di Aloshop
Beli di Aloshop
Shampo untuk rambut rontok dan tipis dari Pantene mengandung Pro-V Nutrient Blend yang dapat memperkuat batang rambut dan mengurangi kerontokan akibat rambut patah. Produk ini mampu menutrisi rambut dari akar hingga ujung sehingga rambut tampak lebih tebal.
Selain itu, kandungan dalam Pantene PRO-V Shampoo juga dapat melembapkan rambut sehingga lebih mudah diatur dan bebas kusut.
Zinc Shampoo Hair Fall Treatment 340 ml
Harga: Rp55.200 per botol
Beli Zinc Shampoo Hair Fall Treatment 340 ml di Aloshop
Beli di Aloshop
Zinc Shampoo Hair Fall dilengkapi dengan kandungan ekstrak ginseng Jepang yang dapat menjaga kekuatan akar rambut dan mengurangi rambut rontok sekaligus membuat rambut lebih halus.
Selain itu, shampo untuk rambut rontok dan tipis ini juga mengandung complex Zinc-PTO serum yang bermanfaat untuk mengurangi ketombe.
Tresemme Hair Fall Control Shampoo 170 ml
Harga: Rp53.400 per botol
Beli Tresemme Hair Fall Control Shampoo 170 ml di Aloshop
Beli di Aloshop
Tresemme diformulasikan khusus dengan kombinasi kandungan minyak chia seed dan vitamin amino. Kedua kandungan ini diketahui dapat memperkuat struktur rambut serta memperbaiki batang rambut yang rapuh. Hasilnya, rambut pun tampak lebih tebal, sehat, dan bebas dari rontok.
Head & Shoulders Shampoo Hairfall 180 ml
Harga: Rp52.400 per botol
Beli Head & Shoulders Shampoo Hairfall 180 ml di Aloshop
Beli di Aloshop
Bagi Anda yang mengalami masalah rambut rontok, tipis, sekaligus ketombe, sampo dari Head & Shoulders bisa dicoba. Shampo ini mengandung argan crème⁺ dan esens alpukat yang dapat menguatkan rambut dan menjaganya tetap sehat. Tidak hanya itu, sampo dari Head & Shoulders juga memberikan perlindungan terhadap ketombe di kulit kepala.
Wardah Shampoo Hairfall Treatment 170 ml
Harga: Rp36.000 per botol
Beli Wardah Shampoo Hairfall Treatment 170 ml di Aloshop
Beli di Aloshop
Pilihan lain shampo untuk rambut rontok dan tipis adalah dari Wardah. Sampo ini mengandung ginseng dan ekstrak rosemary yang membantu memperkuat akar rambut dan menjaga kesehatan kulit kepala. Dengan pemakaian rutin, rambut pun tumbuh lebih kuat dan sehat.
L'Oreal Shampo Hair Fall 170 ml
Harga: Rp65.000 per botol
Beli LOreal Shampo Hair Fall 170 ml di Aloshop
Beli di Aloshop
Shampo ini mengandung arginine dan formula khusus yang menutrisi rambut dan memperkuat batang hingga ujung rambut agar tidak mudah rontok. Selain itu, pemakaian sampo dari Loreal ini juga dapat mendukung pertumbuhan rambut yang sehat dan melindungi rambut dari kerusakan.
Dove Shampo Rambut Rontok 135 ml
Harga: Rp38.700 per botol
Beli Dove Shampo Rambut Rontok 135 ml di Aloshop
Beli di Aloshop
Dove mengandung nutri serum dan dynazinc yang dapat menutrisi rambut dari akar dan efektif mengurangi rambut rontok karena patah. Dengan formula yang ringan, shampo untuk rambut rontok dan tipis ini juga membuat rambut berkilau tanpa terlihat lepek dan wangi yang bertahan lama.
Itulah berbagai pilihan shampo untuk rambut rontok dan tipis yang bisa disesuaikan dengan kebutuhan Anda. Hal yang terpenting adalah menghindari sampo berbahan keras, seperti SLS, karena bisa membuat rambut semakin rapuh. Idealnya, keramas dilakukan sebanyak 2–3 kali seminggu agar kelembapan alami rambut tetap terjaga.
Rambut rontok dan tipis memang bisa menjadi masalah yang mengganggu, tetapi dengan pemilihan shampo yang sesuai dan penggunaan yang tepat, kerontokan dapat diminimalisir.
Jika kerontokan rambut tidak membaik setelah menggunakan shampo untuk rambut rontok dan tipis, sebaiknya segera konsultasi ke dokter melalui Chat Bersama Dokter atau konsultasi langsung ke dokter jika kerontokan sudah parah. Dengan tindakan yang tepat, Anda bisa menjaga kesehatan rambut dan mengembalikan rasa percaya diri."
6 Efek Samping Methylprednisolone yang Perlu Diketahui,KESEHATAN,https://www.alodokter.com/6-efek-samping-methylprednisolone-yang-perlu-diketahui,Terakhir diperbarui: 11 September 2025,"Efek samping methylprednisolone bisa dialami oleh siapa saja yang menggunakannya, baik penggunaan dalam jangka pendek...","Efek samping methylprednisolone bisa dialami oleh siapa saja yang menggunakannya, baik penggunaan dalam jangka pendek maupun panjang. Obat ini merupakan golongan kortikosteroid yang efektif untuk mengatasi peradangan dan berbagai gangguan autoimun. 
Meski dapat mempercepat pemulihan dan meringankan peradangan, efek samping methylprednisolone sering kali muncul, terutama jika obat ini digunakan dalam dosis besar, jangka waktu lama, atau tanpa kontrol rutin dari dokter.
Methylprednisolone bekerja dengan cara mengurangi zat pemicu peradangan di dalam tubuh. Dengan begitu, gejala peradangan, seperti nyeri dan pembengkakan, akan berangsur mereda. Obat ini umumnya diberikan untuk mengatasi berbagai penyakit, seperti asma, lupus, rematik, hingga reaksi alergi berat. 
Efek Samping Methylprednisolone yang Paling Sering Terjadi
Efek samping methylprednisolone bisa berbeda-beda pada setiap orang, tergantung pada dosis, lama penggunaan, dan kondisi kesehatan secara umum. 
Berikut ini adalah beberapa efek samping methylprednisolone yang paling sering dikeluhkan:
1. Gangguan lambung
Efek samping methylprednisolone yang umum dikeluhkan adalah gangguan lambung. Kondisi ini umumnya ditandai dengan keluhan mual, muntah, nyeri ulu hati, atau gejala maag, terutama bila diminum tanpa makanan.
Kondisi ini bisa terjadi karena methylprednisolone dapat meningkatkan produksi asam lambung dan mengiritasi dinding lambung. Oleh karena itu, coba konsumsi obat bersamaan dengan makanan dan hindari makanan pedas atau asam agar keluhan tidak bertambah buruk.
2. Peningkatan gula darah
Selain gangguan lambung, efek samping methylprednisolone juga dapat meningkatkan kadar gula darah. Hal ini bisa terjadi karena obat ini dapat memengaruhi cara tubuh memproses gula. Efek samping ini perlu diwaspadai, terutama pada penderita diabetes atau orang yang memiliki risiko diabetes.
Oleh karena itu, penting untuk memantau kadar gula secara rutin selama mengonsumsi methylprednisolone.
3. Penurunan daya tahan tubuh
Penurunan daya tahan tubuh juga dapat menjadi efek samping methylprednisolone. Obat ini bekerja dengan menekan sistem imun sehingga tubuh lebih rentan terkena infeksi, misalnya flu, batuk, atau infeksi kulit.
4. Perubahan suasana hati 
Efek samping methylprednisolone lainnya adalah perubahan suasana hati. Beberapa pengguna bisa merasa lebih gelisah, mudah cemas, atau sulit tidur, terutama jika menggunakan obat ini dalam dosis tinggi atau dalam waktu yang lama
5. Pembengkakan dan kenaikan berat badan
Penumpukan cairan pada wajah, perut, atau tungkai juga dapat terjadi selama pemakaian methylprednisolone. Kondisi ini dapat menyebabkan pembengkakan dan kenaikan berat badan. Hal ini bisa terjadi karena adanya perubahan keseimbangan cairan dan garam di dalam tubuh.
Untuk mencegah pembengkakan berlebihan, batasi konsumsi garam dan perbanyak minum air putih selama mengonsumsi methylprednisolone.
6. Tekanan darah naik
Tekanan darah yang meningkat juga dapat menjadi efek samping methylprednisolone, terutama pada pengguna yang sudah memiliki hipertensi atau memakai obat lain yang memengaruhi tekanan darah.
Methylprednisolone dapat meningkatkan tekanan darah karena menyebabkan retensi cairan dan garam di dalam tubuh. Kondisi ini membuat volume darah bertambah, sehingga tekanan di pembuluh darah pun meningkat.
Selain beberapa efek samping di atas, methylprednisolone juga dapat menimbulkan efek samping yang lebih serius, terutama jika digunakan dalam dosis tinggi atau dalam jangka waktu yang lama. Beberapa di antaranya adalah osteoporosis, gangguan pertumbuhan pada anak, gangguan keseimbangan hormon, serta penurunan kekuatan otot. 
Tidak hanya itu, risiko gangguan mata, seperti katarak dan glaukoma juga dapat meningkat. Oleh karena itu, penggunaan methylprednisolone harus selalu dalam pengawasan dokter agar efek samping berat dapat diminimalkan.
Perlu diingat, pengguna methylprednisolone biasanya mengalami efek samping yang berbeda-beda. Banyak yang hanya merasakan gejala ringan atau bahkan tidak merasakan efek samping sama sekali. Namun, risiko efek samping serius akan meningkat jika methylprednisolone dipakai tanpa resep atau tanpa kontrol dokter secara berkala.
Oleh karena itu, selalu ikuti aturan pakai dari dokter dan jangan pernah menghentikan obat ini secara mendadak tanpa konsultasi medis. Penghentian mendadak bisa menimbulkan gangguan hormon yang berbahaya. 
Untuk efek samping ringan, seperti gangguan pencernaan atau perubahan mood, biasanya dapat dikendalikan secara mandiri, seperti menerapkan pola makan sehat, istirahat cukup, dan pemantauan rutin. 
Namun, jika Anda mengalami efek samping methylprednisolone yang lebih serius dan tidak kunjung membaik dalam beberapa hari, segera konsultasikan ke dokter. Anda bisa melakukannya secara online melalui layanan Chat Bersama Dokter di aplikasi ALODOKTER untuk mendapatkan saran dan informasi yang sesuai  dengan kondisi Anda."
Efek Samping Metformin pada Pengguna Diabetes Tipe 2 dan Tips Pencegahannya,KESEHATAN,https://www.alodokter.com/efek-samping-metformin-pada-pengguna-diabetes-tipe-2-dan-tips-pencegahannya,Terakhir diperbarui: 11 September 2025,"Efek samping metformin dapat dialami oleh sebagian pengguna obat diabetes tipe 2, mulai dari gejala...","Efek samping metformin dapat dialami oleh sebagian pengguna obat diabetes tipe 2, mulai dari gejala ringan hingga kondisi serius yang memerlukan penanganan segera. Memahami efek samping metformin penting agar Anda bisa mengenalinya lebih awal dan tahu apa yang harus dilakukan bila muncul keluhan.
Metformin adalah obat yang dapat membantu menurunkan kadar gula darah, terutama pada penderita diabetes tipe 2, dengan cara meningkatkan respons tubuh terhadap insulin. Meski efektif dan sering menjadi pilihan utama dokter, penggunaan metformin tetap berpotensi menimbulkan efek samping pada sebagian orang.
Efek samping metformin biasanya ringan, seperti gangguan pencernaan. Namun, dalam kasus tertentu bisa bersifat serius dan memerlukan penanganan segera. Dengan memahami efek samping metformin, Anda dapat lebih waspada dan segera mengambil langkah yang tepat jika mengalami keluhan selama menggunakan obat ini.
Beberapa Efek Samping Metformin yang Umum Terjadi
Efek samping metformin bisa berbeda pada tiap orang. Berikut ini adalah beberapa efek samping yang mungkin terjadi setelah mengonsumsi metformin:
Mual atau muntah
Diare
Perut kembung atau tidak nyaman
Hilang nafsu makan
Rasa logam di mulut
Sakit kepala ringan
Selain keluhan ringan, metformin juga dapat menimbulkan efek samping serius. Jika Anda mengalami salah satu dari gejala di bawah ini, segera konsultasikan ke dokter:
Reaksi alergi obat
Asidosis laktat
Gangguan ginjal atau gagal ginjal
Pankreatitis
Tidak semua pengguna metformin mengalami efek samping di atas, tetapi penting untuk selalu waspada terhadap gejala atau keluhan yang terjadi selama menjalani pengobatan dengan metformin. 
Selain itu, penggunaan metformin juga perlu diperhatikan karena dapat berinteraksi dengan obat lain. Beberapa jenis obat, seperti obat diuretik, kortikosteroid, obat tekanan darah tinggi, atau obat untuk gangguan jantung dan ginjal, bisa memengaruhi cara kerja metformin dan meningkatkan risiko efek samping serius, termasuk asidosis laktat. 
Penggunaan bersama minuman beralkohol juga sebaiknya dihindari karena dapat memperberat gangguan fungsi hati dan ginjal. Untuk menjaga keamanan selama pengobatan, selalu beri tahu dokter atau apoteker mengenai semua obat, suplemen, atau produk herbal yang sedang Anda konsumsi sebelum memulai pengobatan dengan metformin.
Tips Mengatasi dan Mencegah Efek Samping Metformin 
Untuk mengatasi atau menghindari efek samping metformin, Anda perlu perhatikan beberapa hal berikut ini:
Ikuti anjuran dokter mengenai cara minum obat dan dosis yang tepat.
Lakukan pemeriksaan kesehatan secara berkala sesuai jadwal.
Catat dan laporkan keluhan yang dirasakan, terutama jika efek samping tak kunjung hilang.
Jangan pernah menambah atau mengurangi dosis tanpa persetujuan dokter.
Dengan mengetahui efek samping dan tips pencegahannya, Anda dapat lebih waspada dan aman saat menggunakan metformin.
Jangan ragu untuk berkonsultasi ke dokter di mana saja dan kapan saja serta cepat dan praktis melalui Chat Bersama Dokter di aplikasi ALODOKTER, terutama bila Anda merasakan keluhan dari efek samping metformin.
Bila diperlukan, segera buat janji dengan dokter atau pergi ke IGD rumah sakit terdekat untuk mendapatkan pemeriksaan dan penanganan yang tepat sesuai kondisi Anda, jika keluhan tidak kunjung membaik atau justru bertambah parah."
"2 Bulan Pasca Operasi Caesar Perut Masih Sakit, Apa Ya Penyebabnya?",KESEHATAN,https://www.alodokter.com/2-bulan-pasca-operasi-caesar-perut-masih-sakit-apa-ya-penyebabnya,Terakhir diperbarui: 11 September 2025,"2 bulan pasca operasi caesar perut masih sakit sering membuat Bunda khawatir, apalagi jika rasa...","2 bulan pasca operasi caesar perut masih sakit sering membuat Bunda khawatir, apalagi jika rasa nyeri mengganggu aktivitas sehari-hari. Perlu diketahui, proses pemulihan operasi caesar memang cenderung lebih lama daripada melahirkan normal lho. Makanya, Bunda masih bisa merasakan rasa nyeri di perut. Meski begitu, kondisi ini tetap tidak boleh disepelekan ya. 
Luka jahitan operasi caesar umumnya akan pulih dalam waktu sekitar 6–8 minggu. Namun, ada sebagian ibu yang masih merasakan perutnya sakit meski sudah 2 bulan melakukan operasi caesar. 
Nah, rasa sakit yang dirasakan 2 bulan setelah operasi caesar bisa saja merupakan bagian dari proses penyembuhan. Akan tetapi, kondisi ini juga bisa menjadi tanda adanya gangguan kesehatan lainnya. Oleh karena itu, 2 bulan pasca operasi perut masih sakit tidak boleh disepelekan ya, Bun. Lantas, apa ya penyebabnya? 
Penyebab 2 Bulan Pasca Operasi Caesar Perut Masih Sakit
Berikut ini adalah beberapa penyebab 2 bulan pasca operasi caesar perut masih sakit yang perlu diketahui: 
1. Proses penyembuhan jaringan
Setelah tindakan operasi caesar, tubuh memerlukan waktu untuk memperbaiki jaringan yang rusak akibat sayatan. Proses penyembuhan luka operasi caesar membutuhkan waktu berminggu-minggu hingga beberapa bulan untuk benar-benar pulih.
Selama proses penyembuhan, area bekas sayatan akan terasa nyeri, kaku, dan sedikit tidak nyaman. Oleh karena itu, Bunda tidak perlu cemas jika 2 bulan pasca operasi caesar perut masih sakit ya. Soalnya, hal ini bisa menjadi tanda dari proses pemulihan. 
2. Luka jahitan yang belum pulih sempurna
Setelah operasi caesar, tubuh butuh waktu untuk menyembuhkan luka sayatan di kulit, jaringan otot, hingga rahim. Pada sebagian ibu, proses penyembuhan bisa lebih lama karena faktor seperti aktivitas yang terlalu berat, infeksi ringan, kondisi kesehatan tertentu, atau perawatan luka yang kurang optimal.
Kalau luka jahitan belum benar-benar pulih, jaringan di sekitar area operasi masih terasa tegang, sensitif, dan nyeri, terutama saat bergerak, batuk, atau menggendong bayi. Inilah yang membuat 2 bulan pasca operasi caesar perut masih sakit.
3. Aktivitas fisik yang terlalu berat
Salah satu penyebab 2 bulan pasca operasi caesar perut masih sakit adalah melakukan aktivitas fisik yang terlalu berat. Mengangkat barang berat atau sering naik turun tangga dapat memberikan tekanan tambahan pada area bekas operasi. 
Jika Bunda terlalu cepat kembali ke aktivitas ini bisa membuat otot dan jaringan di sekitar bekas luka belum pulih sepenuhnya sehingga menjadi mudah nyeri atau terasa tegang.
4. Infeksi luka operasi
Infeksi luka operasi juga bisa menyebabkan 2 bulan pasca operasi caesar perut masih sakit. Kondisi ini bisa disebabkan oleh berbagai hal, mulai dari luka bekas operasi tidak terjaga kebersihannya, perawatan luka kurang optimal, hingga  sistem imun tubuh ibu melemah. Kondisi ini membuat proses penyembuhan luka terhambat sehingga perut masih terasa sakit meskipun sudah 2 bulan pasca operasi. 
Selain nyeri, infeksi pada luka operasi juga disertai berbagai gejala, seperti kemerahan, bengkak, nyeri hebat, keluarnya cairan atau nanah, dan demam. Jika muncul gejala seperti ini, segera periksakan ke dokter agar mendapat penanganan tepat sebelum infeksi semakin parah ya, Bun. 
5. Pembentukan jaringan parut 
Setelah operasi caesar, tubuh akan membentuk jaringan parut sebagai bagian dari proses penyembuhan. Namun, pada sebagian ibu, jaringan parut yang terbentuk di dalam rongga perut atau sekitar organ mungkin menempel dan menyebabkan nyeri yang menetap, kaku, dan rasa tidak nyaman di area tersebut. 
Makanya, jika 2 bulan pasca operasi caesar perut masih sakit mungkin jaringan parut berlebih bisa menjadi salah satu penyebabnya.
6. Endometriosis pada bekas luka
Meski jarang terjadi, jaringan endometrium dapat tumbuh di area bekas operasi. Kondisi ini umumnya akan menyebabkan rasa nyeri yang menetap atau makin berat, terutama selama menstruasi.
Tips Memulihkan Diri Pasca Operasi Caesar
Masa pemulihan setelah operasi caesar membutuhkan perhatian khusus agar tubuh dapat kembali sehat dan beraktivitas seperti semula. Melakukan perawatan dan penyesuaian gaya hidup yang tepat sangat penting untuk mempercepat proses penyembuhan serta mengurangi risiko masalah kesehatan, seperti perut masih sakit 2 bulan pasca operasi caesar. 
Berikut ini adalah beberapa tips memulihkan diri pasca operasi caesar yang dapat Bunda terapkan di rumah: 
Istirahat dan tidur yang cukup 
Hindari aktivitas berat, seperti mengangkat barang, naik turun tangga, dan berolahraga yang terlalu intens. 
Jaga bekas luka operasi tetap kering dan bersih setiap harinya
Tidak menggaruk area bekas sayatan operasi
Kenakan pakaian yang longgar dan nyaman
Lakukan olahraga ringan yang bisa dinaikkan pelan-pelan secara bertahap, seperti jalan santai dan senam Kegel
Konsumsi makanan bergizi, terutama yang tinggi protein, vitamin, dan mineral
Minum air putih yang cukup agar tetap terhidrasi dan mencegah sembelit 
Tidak melakukan hubungan seks dan mengemudikan kendaraan terlebih dahulu sebelum diizinkan oleh dokter
Di samping itu, Bunda juga bisa mengonsumsi obat pascaoperasi caesar yang diresepkan oleh dokter, seperti paracetamol atau ibuprofen, untuk meredakan rasa sakit akibat luka sayatan operasi. 
Sebenarnya, proses pemulihan setelah operasi caesar pada setiap wanita bisa berbeda-beda. Jadi wajar bila ada yang mengalami keluhan, seperti 2 bulan pasca operasi caesar perut masih sakit.
Namun, jika rasa nyeri yang dialami makin mengganggu aktivitas dan kenyamanan bersama Si Kecil, segera konsultasikan ke dokter ya. Bunda bisa melakukan konsultasi secara langsung maupun melalui Chat Bersama Dokter di aplikasi Alodokter untuk mendapatkan jawaban yang tepat."
"Sakit Perut dan Infeksi Saluran Cerna, Kenali Penyebab dan Cara Mengatasinya",KESEHATAN,https://www.alodokter.com/sakit-perut-dan-infeksi-saluran-cerna-kenali-penyebab-dan-cara-mengatasinya,Terakhir diperbarui: 11 September 2025,Sakit perut dan infeksi saluran cerna sering kali saling berkaitan tanpa disadari. Kondisi ini bisa...,"Sakit perut dan infeksi saluran cerna sering kali saling berkaitan tanpa disadari. Kondisi ini bisa sangat mengganggu aktivitas sehari-hari dan jika tidak ditangani dengan benar, dapat meningkatkan risiko terjadinya komplikasi serius. Oleh karena itu, memahami penyebab sakit perut dan infeksi saluran cerna sangat penting agar penanganan yang tepat bisa segera diberikan.
Sakit perut yang terkait dengan infeksi saluran cerna kerap disalahartikan sebagai tanda penyakit organ pencernaan yang lebih berat, seperti radang usus buntu, batu empedu, atau tukak lambung. Padahal, kedua kondisi ini memiliki ciri khas yang berbeda.
Pada sakit perut akibat infeksi saluran cerna misalnya, rasa nyeri biasanya terasa di seluruh area perut dan kerap muncul bersamaan dengan keinginan buang air besar. Tak hanya itu, sakit perut jenis ini juga biasanya disertai dengan keluhan lain, seperti mual, muntah, diare, perut kembung, maupun demam ringan. 
Sementara itu, sakit perut akibat gangguan organ pencernaan yang serius biasanya terlokalisasi di satu titik tertentu, menetap, dan disertai gejala demam tinggi, muntah terus-menerus, atau tinja bercampur darah. 
Penyebab dan Faktor Risiko Sakit Perut dan Infeksi Saluran Cerna
Sakit perut yang berhubungan dengan infeksi saluran cerna umumnya disebabkan oleh bakteri, virus, atau parasit, termasuk cacing dan amoeba. Infeksi ini bisa terjadi akibat beberapa faktor, berikut ini di antaranya:
1. Konsumsi makanan atau minuman terkontaminasi
Sakit perut dan infeksi saluran cerna sering kali terjadi karena masuknya kuman ke dalam tubuh melalui konsumsi makanan atau minuman yang tidak bersih. Misalnya, makan daging yang tidak dimasak sampai matang, sayur atau buah yang tidak dicuci dengan air hingga bersih, serta minum air yang belum dimasak.
2. Kebiasaan cuci tangan yang kurang baik
Tidak mencuci tangan dengan sabun dan air mengalir setelah buang air besar, memegang hewan, atau sebelum makan juga dapat menyebabkan terjadinya sakit perut dan infeksi saluran cerna. Pasalnya, jika kebiasaan tersebut dilakukan kemudian Anda memasukkan tangan ke dalam mulut, hal itu bisa menyebabkan kuman masuk ke dalam saluran cerna dan menginfeksinya. 
Selain itu, anak-anak yang sering bermain di lantai atau tanah dan tidak terbiasa cuci tangan juga lebih mudah terkena infeksi saluran cerna.
3. Kontak dengan penderita infeksi saluran cerna
Sedang merawat atau tinggal bersama orang yang sedang sakit diare atau infeksi saluran cerna? Hati-hati, kamu bisa mengalami sakit perut dan infeksi saluran cerna juga. Penularan ini bisa terjadi lewat partikel kuman yang menempel pada tangan, mainan, pakaian, alat makan, ataupun permukaan benda lain yang disentuh bersama.
4. Sistem imun yang lemah
Anak-anak, lansia, ibu hamil, serta orang yang memiliki penyakit kronis, seperti diabetes atau HIV/AIDS, umumnya memiliki daya tahan tubuh yang lebih lemah sehingga lebih mudah terinfeksi. 
Hal ini karena ketika daya tahan tubuh lemah, tubuh menjadi kurang efektif dalam melawan kuman yang masuk ke dalam saluran pencernaan, sehingga sakit perut dan infeksi saluran cerna pun terjadi.
5. Sulitnya mendapatkan air bersih dan higienis
Kesulitan memperoleh air bersih dan higienis, baik untuk minum maupun mencuci tangan dan alat makan, juga dapat meningkatkan risiko terjadinya sakit perut dan infeksi saluran cerna. Pasalnya, air yang tidak bersih dan higienis menjadi tempat berkembang biaknya kuman penyebab infeksi saluran cerna. 
Hal ini sering dijumpai di lingkungan dengan sanitasi buruk, saluran pembuangan yang tidak memadai, atau sumber air yang tercemar. Selain itu, makanan yang dijual di pinggir jalan tanpa penutup juga lebih berisiko terkontaminasi kuman penyebab infeksi saluran cerna.
6. Penggunaan antibiotik yang tidak tepat
Minum antibiotik tanpa resep dokter atau tidak menghabiskan obat sesuai anjuran bisa membunuh bakteri baik di usus. Akibatnya, bakteri dan kuman jahat lain lebih mudah berkembang biak di usus, sehingga risiko sakit perut dan infeksi saluran cerna meningkat.
Cara Mengatasi Sakit Perut dan Infeksi Saluran Cerna
Jika Anda atau keluarga mengalami sakit perut yang berkaitan dengan infeksi saluran cerna, beberapa langkah sederhana berikut dapat membantu mempercepat pemulihan dan mencegah kondisi menjadi lebih parah atau kambuh kembali:
1. Istirahat yang cukup
Tubuh memerlukan waktu untuk melawan infeksi dan memperbaiki jaringan yang terganggu. Oleh karena itu, agar proses pemulihan akibat sakit perut dan infeksi saluran cerna lebih cepat, kurangi aktivitas fisik, istirahat di rumah, dan usahakan tidur yang cukup.
2. Cukupi asupan cairan
Banyak minum air putih sangat penting untuk mencegah dehidrasi, apalagi jika sakit perut dan infeksi saluran cerna disertai dengan muntah atau diare. 
Agar cairan tubuh tetap terjaga, Anda juga bisa minum oralit, air kelapa, atau cairan elektrolit lain agar cairan tubuh tetap terjaga. Selain itu, hindari minuman manis, berkafein, atau bersoda karena dapat memperburuk keluhan yang Anda alami.
3. Pilih makanan yang tepat
Selama sakit perut dan infeksi saluran cerna, makanlah makanan yang mudah dicerna, seperti bubur, sup, atau pisang, dan makanlah sedikit-sedikit tapi sering. Hindari makanan pedas, berlemak, gorengan, dan produk susu karena dapat memperberat kerja saluran cerna dan memperparah keluhan sakit perut.
4. Hindari penggunaan obat diare tanpa anjuran dokter
Sakit perut dan infeksi saluran cerna memang terkadang disertai dengan keluhan diare. Namun, perlu diketahui bahwa tidak semua diare perlu langsung diberi obat penghenti diare. Pasalnya, pada beberapa kasus, menghentikan diare justru bisa memperlambat keluarnya kuman dari tubuh. 
Nah, karena itulah, obat-obatan tersebut biasanya hanya boleh digunakan jika direkomendasikan oleh dokter sesuai penyebab infeksi saluran cerna.
5. Terapkan pola hidup bersih
Agar sakit perut dan infeksi saluran cerna tidak mudah kambuh, biasakan untuk menjalani perilaku hidup bersih dan sehat, misalnya cuci tangan dengan sabun dan air mengalir, setiap sebelum makan, setelah dari toilet, atau setelah membersihkan anak. Selain itu, jangan lupa juga untuk selalu menjaga kebersihan rumah, lingkungan, serta pastikan semua makanan dan minuman yang dikonsumsi benar-benar matang dan bersih.
6. Minum obat antibiotik atau obat cacing
Sakit perut dan infeksi saluran cerna juga bisa diatasi dengan minum obat-obatan, misalnya obat antibiotik untuk mengatasi sakit perut yang disebabkan oleh infeksi bakteri di saluran cerna atau obat cacing untuk sakit perut akibat infeksi cacing. 
Namun, sebelum menggunakan obat-obatan tersebut, pastikan Anda sudah berkonsultasi dengan dokter. Hal ini karena obat-obatan tersebut hanya bisa diperoleh dan digunakan sesuai dengan petunjuk dari dokter.
Meski terlihat ringan, jangan abaikan sakit perut dan infeksi saluran cerna. Karena jika dibiarkan, risiko dehidrasi dan komplikasi lebih serius lainnya bisa terjadi. 
Oleh karena itu, jika sakit perut dan infeksi saluran cerna berlangsung lebih dari tiga hari atau disertai gejala berat, seperti demam tinggi, muntah berulang, dehidrasi, atau tinja bercampur darah, segera periksakan diri ke dokter untuk mendapatkan penanganan yang tepat. 
Konsultasi ini bisa dilakukan dengan mengunjungi fasilitas kesehatan secara langsung atau melalui fitur Chat Bersama Dokter di aplikasi ALODOKTER."
"9 Obat Maag Alami, Ini Pilihan yang Bisa Dicoba",KESEHATAN,https://www.alodokter.com/9-obat-maag-alami-ini-pilihan-yang-bisa-dicoba,Terakhir diperbarui: 11 September 2025,Obat maag alami banyak diminati karena dianggap lebih aman dan minim efek samping. Jika Anda...,"Obat maag alami banyak diminati karena dianggap lebih aman dan minim efek samping. Jika Anda sering mengalami nyeri ulu hati, mual, atau perut kembung akibat maag, beberapa bahan alami yang mudah ditemukan, seperti jahe, pepaya, dan kunyit, bisa membantu meredakan gejala tersebut.
Sebelum memilih obat maag alami, penting untuk memahami bahwa sakit maag umumnya terjadi akibat peningkatan asam lambung atau iritasi pada dinding lambung.
Beberapa orang memilih pengobatan tradisional atau bahan herbal karena ingin menghindari efek samping dari obat kimia. Namun, tidak semua obat alami cocok untuk setiap orang, sehingga pemilihan harus dilakukan secara hati-hati dan tetap memperhatikan keamanan serta potensi risikonya.
Beragam Obat Maag Alami
Obat maag alami umumnya berasal dari bahan tradisional atau rempah yang mudah ditemukan di dapur. Banyak orang memilih obat maag alami untuk meredakan keluhan maag ringan, sebab dianggap lebih aman dan minim efek samping.
Berikut ini adalah beberapa pilihan obat maag alami:
1. Air jahe hangat
Air jahe hangat merupakan salah satu obat maag alami yang cukup populer. Kandungan gingerol di dalam jahe memiliki sifat antiradang, sehingga dapat membantu menenangkan lambung yang perih atau kembung. 
Cara mengonsumsinya cukup mudah, cukup seduh irisan jahe dengan air panas dan minum selagi hangat. Jahe juga bisa membantu mengurangi mual dan memperbaiki pencernaan, tetapi hindari konsumsi berlebihan terutama jika lambung Anda sensitif.
2. Kunyit
Kunyit juga sering dipakai sebagai obat maag alami, karena mengandung kurkumin yang mampu melindungi lapisan lambung dari iritasi dan peradangan. Kunyit bisa dikonsumsi dengan cara diparut dan diambil airnya, lalu diminum secara rutin dalam porsi yang wajar. 
Perlu diingat, hindari mengonsumsi kunyit berlebihan, terutama jika Anda memiliki masalah pada kantung empedu atau sedang hamil.
3. Madu murni
Madu murni dapat melapisi dinding lambung, sehingga membantu mengurangi nyeri, rasa panas, dan iritasi akibat maag. Kandungan antioksidan dalam madu juga mendukung penyembuhan luka serta mengurangi peradangan. 
Cukup konsumsi 1–2 sendok teh madu murni, baik secara langsung maupun dicampur air hangat, untuk mendukung pemulihan maag. Pilihlah madu asli tanpa campuran untuk hasil yang maksimal.
4. Lidah buaya
Gel lidah buaya mengandung zat yang menenangkan, sehingga dapat membantu meredakan rasa panas atau perih di lambung. Cara mengonsumsinya adalah dengan mengambil gel dari daging daun lidah buaya, cuci bersih, lalu campurkan dengan sedikit air. 
Selain menenangkan, lidah buaya juga membantu mengurangi produksi asam lambung. Namun, hindari konsumsi lidah buaya berlebihan karena bisa memicu diare.
5. Air kelapa muda
Air kelapa muda dapat membantu menetralkan asam lambung dan menyejukkan perut. Selain mengurangi perih, air kelapa juga mengandung elektrolit yang baik untuk menghidrasi tubuh. Minum segelas air kelapa muda segar bisa menjadi pilihan alami untuk mengatasi maag, tetapi hindari tambahan gula agar manfaatnya optimal ya. 
6. Teh chamomile
Teh chamomile dikenal dapat menenangkan sistem pencernaan dan mengurangi gejala maag, seperti mual serta perut kembung. Seduhlah satu kantong teh chamomile dengan air panas, lalu minum selagi hangat. Chamomile juga dapat membantu tidur lebih nyenyak dan mengurangi stres yang memicu maag.
7. Licorice (akar manis)
Licorice dipercaya mampu melindungi lapisan lambung serta mengurangi peradangan akibat asam lambung. Ekstrak licorice bisa diminum sebagai teh herbal. Namun, pastikan dosis licorice tidak berlebihan dan hindari teh ini jika Anda memiliki tekanan darah tinggi atau penyakit ginjal.
8. Pisang dan pepaya
Pisang dan pepaya bisa dijadikan camilan sehat untuk penderita maag. Soalnya, keduanya mengandung serat serta enzim yang dapat menetralkan asam lambung dan melancarkan proses pencernaan. Pisang juga memberikan efek menenangkan pada lambung.
9. Yoghurt
Yoghurt kaya akan probiotik yang bagus untuk kesehatan saluran cerna. Konsumsi yoghurt dapat membantu menjaga keseimbangan bakteri baik di usus, sehingga proses pencernaan menjadi lebih lancar. Untuk mengatasi maag, pilih yoghurt tawar tanpa tambahan gula ya.
Agar penggunaan obat maag alami tetap aman dan efektif, perhatikan beberapa tips berikut:
Pilih bahan yang segar dan bersih untuk mencegah kontaminasi.
Konsumsi dalam jumlah wajar, jangan berlebihan.
Jika Anda memiliki alergi, hindari bahan yang berpotensi memicu munculnya reaksi alergi.
Secara umum, penggunaan bahan alami di atas sebagai obat maag alami tergolong aman, selama dikonsumsi tidak berlebihan. Namun, jika keluhan maag berlangsung terus-menerus, obat alami saja mungkin tidak cukup dan Anda membutuhkan pemeriksaan medis. 
Orang dengan kondisi tertentu, misalnya ibu hamil, ibu menyusui, anak-anak, atau pengidap penyakit kronis, sebaiknya menghindari penggunaan ramuan herbal tanpa pengawasan dokter. Ini bertujuan untuk mencegah risiko interaksi obat atau efek samping.
Obat maag alami bisa menjadi pilihan yang aman untuk meredakan keluhan ringan, terutama jika didukung pola makan teratur, menghindari makanan pemicu, dan mengelola stres. Bila gejala membaik setelah menggunakan obat alami, Anda dapat melakukan pemantauan lanjutan secara mandiri di rumah.
Namun, apabila obat maag alami tidak juga meredakan keluhan atau Anda mengalami gejala yang lebih berat, seperti muntah darah, nyeri perut hebat, atau penurunan berat badan tanpa sebab, sebaiknya segera konsultasikan ke dokter. 
Untuk penanganan awal dan konsultasi praktis, Anda dapat menggunakan fitur Chat Bersama Dokter melalui aplikasi ALODOKTER. Dengan begitu, Anda akan mendapatkan saran medis yang sesuai dengan kondisi Anda."
10 Shampoo untuk Kulit Kepala Gatal yang Ampuh,HIDUP SEHAT,https://www.alodokter.com/shampoo-untuk-kulit-kepala-gatal-yang-ampuh,Terakhir diperbarui: 11 September 2025,Shampoo untuk kulit kepala gatal adalah solusi praktis yang banyak dipilih untuk mengurangi rasa tidak...,"Shampoo untuk kulit kepala gatal adalah solusi praktis yang banyak dipilih untuk mengurangi rasa tidak nyaman di kepala. Gatal di kulit kepala bisa mengganggu aktivitas dan menurunkan kepercayaan diri. Penggunaan shampoo khusus menjadi langkah awal yang mudah dan tersedia luas di apotek maupun toko.
Penyebab kulit kepala gatal sangat beragam, mulai dari ketombe, kulit kepala kering, infeksi jamur, reaksi alergi pada produk rambut, hingga kotoran atau keringat yang menumpuk. 
Faktor lain seperti cuaca panas, sering memakai penutup kepala, atau jarang keramas juga bisa memperburuk keluhan ini. Untuk mengatasinya, penggunaan shampoo yang tepat sangat penting agar rasa gatal dapat diredakan secara efektif.
Namun, memilih shampoo untuk kulit kepala gatal tidak boleh sembarangan. Salah memilih produk atau tidak mengikuti petunjuk pemakaian bisa membuat gatal semakin parah, menimbulkan iritasi, atau menyebabkan rambut rontok. 
Oleh karena itu, penting untuk memilih shampoo dengan kandungan yang sesuai, membaca aturan pakai, dan segera hentikan pemakaian jika muncul reaksi alergi. Jika gatal tidak membaik setelah penggunaan rutin, sebaiknya segera konsultasikan ke dokter.
Pilihan Shampoo untuk Kulit Kepala Gatal yang Ampuh
Berikut adalah rekomendasi shampoo yang dapat membantu meredakan gatal pada kulit kepala, tersedia dalam bentuk cair dan bisa digunakan sesuai petunjuk. Jika keluhan tidak membaik setelah beberapa hari penggunaan, jangan ragu untuk berkonsultasi ke dokter.
Selsun Blue
Harga mulai dari Rp40.400
Beli Selsun Blue di Aloshop
Beli di Aloshop
Selsun Blue mengandung selenium sulfide, bahan aktif yang dapat menghambat pertumbuhan jamur penyebab ketombe dan meredakan gatal pada kulit kepala. Selenium sulfide juga membantu mengurangi pengelupasan kulit berlebih yang menjadi penyebab utama rasa gatal.
Shampoo ini berbentuk cair dan bisa didapatkan bebas di apotek tanpa resep. Gunakan Selsun Blue sesuai petunjuk pada kemasan atau anjuran tenaga medis, biasanya 2 kali seminggu di awal pengobatan. Hindari pemakaiannya secara berlebihan dan jangan sampai terkena mata.
Dosis umum adalah mengaplikasikan secukupnya pada kulit kepala basah, lalu pijat perlahan dan diamkan beberapa menit sebelum dibilas. Efek samping yang bisa muncul antara lain iritasi ringan atau kulit kepala terasa lebih kering. Shampoo ini tidak disarankan untuk ibu hamil dan menyusui tanpa konsultasi dokter.
Head & Shoulders
Harga mulai dari Rp52.400
Beli Head & Shoulders di Aloshop
Beli di Aloshop
Head & Shoulders mengandung pyrithione zinc yang bekerja aktif melawan jamur dan bakteri penyebab ketombe. Selain itu, kandungan ini bisa membantu mengendalikan iritasi dan menjaga kelembapan kulit kepala, sehingga cocok untuk meredakan gatal yang disebabkan oleh ketombe ringan.
Produk berbentuk cair ini dapat digunakan setiap hari dan tersedia bebas tanpa resep di banyak toko. Gunakan Head & Shoulders sesuai petunjuk pada kemasan: aplikasikan pada rambut dan kulit kepala basah, pijat lembut, lalu bilas hingga bersih. Hentikan pemakaian jika muncul iritasi.
Dosis pemakaian umumnya 1 kali sehari. Efek samping ringan yang mungkin terjadi seperti kulit kepala terasa perih atau sedikit kering. Shampoo ini relatif aman digunakan oleh ibu hamil dan menyusui, namun jika ragu, konsultasikan terlebih dahulu dengan tenaga kesehatan.
Erhair Scalperfect
Harga mulai dari Rp55.000
Erhair Scalperfect mengandung climbazole, piroctone olamine, dan provitamin B5, yang berfungsi sebagai antijamur dan membantu menutrisi kulit kepala. Kandungan ini mampu mengatasi gatal akibat infeksi jamur pada kulit kepala serta menjaga kesehatan kulit kepala secara menyeluruh.
Shampoo ini hadir dalam bentuk cair, cocok untuk kulit berminyak maupun sensitif. Gunakan Erhair Scalperfect sesuai petunjuk pada kemasan, oleskan pada kulit kepala yang basah, pijat ringan, lalu bilas hingga bersih. Jangan gunakan pada kulit kepala yang sedang luka atau sangat iritasi.
Dosis anjuran adalah 2–3 kali seminggu. Efek samping ringan dapat berupa kulit kepala sedikit kering atau kemerahan. Shampoo ini aman untuk penggunaan jangka panjang, namun ibu hamil dan menyusui sebaiknya berkonsultasi dulu sebelum mulai memakai.
TRESemmé Scalp Care Shampoo
Harga mulai dari Rp55.000
Beli TRESemmé Scalp Care Shampoo di Aloshop
Beli di Aloshop
TRESemmé Scalp Care Shampoo diperkaya tea tree oil dan zinc mineral yang berperan sebagai antibakteri dan antijamur alami. Kombinasi ini dapat menenangkan kulit kepala gatal, meredakan iritasi, dan memberikan sensasi segar setelah keramas.
Produk ini berbentuk cair dan bisa digunakan sehari-hari tanpa resep dokter. Gunakan sesuai petunjuk pada kemasan, pijat lembut pada kulit kepala dan rambut yang basah, lalu bilas. Jika terjadi alergi, segera hentikan pemakaian.
Dosis penggunaannya cukup 1–2 kali sehari. Efek samping ringan misalnya iritasi ringan atau sensasi kulit kepala menjadi kesat. Shampoo ini relatif aman untuk ibu hamil dan menyusui, tetapi konsultasi tetap dianjurkan jika digunakan rutin.
Dove Anti Ketombe
Harga mulai dari Rp38.700
Beli Dove Anti Ketombe di Aloshop
Beli di Aloshop
Dove Anti Ketombe mengandung zinc pyrithione yang efektif melawan jamur penyebab ketombe dan meringankan gatal. Selain itu, formula Dove membantu menjaga rambut tetap lembut dan sehat, sehingga rambut tidak mudah kusut setelah keramas.
Produk tersedia dalam bentuk cair yang praktis digunakan sehari-hari. Gunakan Dove Anti Ketombe sesuai petunjuk pada kemasan, tuangkan secukupnya dan pijat pada kulit kepala, lalu bilas hingga bersih. Jangan digunakan pada kulit kepala yang terluka.
Dosis yang disarankan adalah 1 kali sehari. Efek samping ringan yang mungkin timbul antara lain kulit kepala jadi sedikit kering atau muncul rasa gatal sementara. Shampoo ini aman digunakan oleh ibu hamil dan menyusui, namun tetap konsultasikan jika muncul keluhan baru.
Natur Shampoo Tea Tree Oil 
Harga mulai dari Rp49.000
Beli Natur Shampoo Tea Tree Oil di Aloshop
Beli di Aloshop
Natur Shampoo Tea Tree Oil mengandung bahan aktif utama berupa tea tree oil yang dikenal memiliki sifat antibakteri dan antijamur. Tea tree oil bekerja membersihkan kulit kepala dari kotoran dan minyak berlebih, sekaligus membantu menyejukkan kulit kepala yang terasa gatal atau iritasi ringan.
Produk ini tersedia dalam bentuk sampo cair, dan merupakan produk yang bisa dibeli tanpa resep dokter. Gunakan Natur Shampoo Tea Tree Oil sesuai petunjuk pada kemasan, yaitu dengan cara membasahi rambut terlebih dahulu, kemudian aplikasikan sampo merata hingga berbusa, dan bilas hingga bersih. Untuk hasil optimal, gunakan secara teratur 2–3 kali seminggu. Hindari kontak langsung dengan mata, dan hentikan pemakaian jika muncul iritasi.
Natur Shampoo Tea Tree Oil tersedia dalam varian 140 mL. Sebagian besar pengguna melaporkan reaksi ringan seperti kulit kepala yang terasa sedikit kering pada awal penggunaan. Produk ini umumnya aman digunakan oleh orang dewasa dan remaja, namun sebaiknya dihindari oleh ibu hamil atau menyusui kecuali atas anjuran dokter.
Herbal Essences Shampoo Bio Renew White Grapefruit & Mint
Harga mulai dari Rp136.400
Beli Herbal Essences Shampoo Bio Renew White Grapefruit & Mint 400 ml di Aloshop 
Beli di Aloshop
Produk ini adalah shampoo untuk kulit kepala gatal dengan ekstrak grapefruit putih dan daun mint, yang membantu mengurangi ketombe ringan, membersihkan kulit kepala, serta memberikan sensasi segar untuk menenangkan rasa gatal.
Shampoo untuk kulit kepala gatal ini berbentuk cair dan termasuk produk OTC, sehingga bisa dibeli tanpa resep dokter. Gunakan sesuai petunjuk pada kemasan, pijat lembut di kulit kepala, dan bilas hingga bersih; hindari pemakaian pada anak di bawah tiga tahun serta hentikan jika terjadi iritasi.
Dosis shampoo untuk kulit kepala gatal ini adalah 400 ml per botol. Umumnya aman untuk ibu hamil dan menyusui, namun sebaiknya lakukan uji coba pada sebagian kecil kulit terlebih dahulu untuk menghindari risiko alergi.
Moist Diane Extra Volume & Scalp Treatment
Harga mulai dari Rp151.690
Beli Moist Diane Extra Volume & Scalp Treatment 450 ml di Aloshop 
Beli di Aloshop
Moist Diane merupakan shampoo untuk kulit kepala gatal yang mengandung ekstrak akar ginseng serta argan oil. Kandungan ini dapat memperkuat rambut sekaligus meredakan iritasi dan gatal pada kulit kepala yang sensitif.
Shampoo untuk kulit kepala gatal ini tersedia dalam kemasan cair dan bisa dibeli bebas tanpa resep dokter. Gunakan Moist Diane Extra Volume & Scalp Treatment sesuai petunjuk pada kemasan, aplikasikan pada rambut basah, pijat lembut di kulit kepala, lalu bilas hingga bersih. Hindari penggunaan pada kulit kepala yang terdapat luka terbuka atau sedang terinfeksi berat.
Dosis shampoo untuk kulit kepala gatal ini adalah 450 ml per botol. Moist Diane umumnya aman untuk ibu hamil dan menyusui, tetapi bila Anda punya riwayat alergi bahan herbal, sebaiknya konsultasi lebih dulu sebelum pemakaian.
Nabila Sampo Kutu Rambut
Harga mulai dari Rp39.375
Beli Nabila Sampo Kutu Rambut 60 ml di Aloshop
Beli di Aloshop
Sampo ini adalah pilihan shampoo untuk kulit kepala gatal yang diakibatkan infestasi kutu rambut, baik pada anak-anak maupun orang dewasa. Kandungan aktif di dalamnya membantu membasmi kutu dan telur-telurnya secara menyeluruh dari kulit kepala.
Shampoo untuk kulit kepala gatal ini berbentuk cair, dan cukup digunakan sesuai petunjuk pada kemasan selama beberapa hari berturut-turut. Hindari kontak langsung dengan mata dan ulangi pemakaian jika kutu masih ditemukan setelah beberapa hari. Produk ini termasuk OTC, sehingga bisa langsung dibeli di apotik tanpa resep dokter.
Dosis produk adalah 60 ml per botol. Nabila Sampo Kutu Rambut sebagai shampoo untuk kulit kepala gatal sebaiknya tidak digunakan oleh ibu hamil, menyusui, atau bayi di bawah dua tahun tanpa konsultasi ke dokter.
Ketomed 2% Scalp Solution
Harga mulai dari Rp76.088
Beli Ketomed 2% Scalp Solution 60 ml di Aloshop
Beli di Aloshop
Produk ini adalah scalp solution sekaligus shampoo untuk kulit kepala gatal yang mengandung ketoconazole, obat antijamur efektif mengatasi gatal akibat infeksi jamur dan ketombe membandel.
Shampoo untuk kulit kepala gatal ini digunakan dengan mengaplikasikan larutan di kulit kepala yang basah, diamkan beberapa menit, lalu bilas hingga bersih. Jangan gunakan terlalu banyak atau pada kulit kepala yang sedang luka. Ketomed 2% Scalp Solution bisa dibeli bebas (OTC).
Dosis Ketomed 2% Scalp Solution sebagai shampoo untuk kulit kepala gatal adalah 60 ml per botol. Untuk ibu hamil dan menyusui, sebaiknya konsultasikan penggunaan dengan dokter karena kandungan antijamurnya cukup kuat.
Memilih shampoo untuk kulit kepala gatal yang tepat sangat penting agar keluhan bisa teratasi secara optimal. Selalu gunakan shampoo untuk kulit kepala gatal sesuai aturan pakai dan hentikan pemakaian jika muncul iritasi, ruam, atau rambut rontok berlebihan.
Jika gatal tidak juga membaik setelah penggunaan shampoo khusus selama maksimal satu minggu, segera konsultasikan ke dokter. Anda juga bisa berkonsultasi melalui Chat Bersama Dokter untuk mendapatkan saran medis yang tepat. Penanganan yang cepat dan sesuai akan membantu kulit kepala kembali sehat dan nyaman."
6 Khasiat Daun Kumis Kucing dan Cara Aman Mengonsumsinya,HIDUP SEHAT,https://www.alodokter.com/6-khasiat-daun-kumis-kucing-dan-cara-aman-mengonsumsinya,Terakhir diperbarui: 11 September 2025,"Khasiat daun kumis kucing sudah lama dikenal dalam pengobatan tradisional Indonesia, terutama untuk mendukung kesehatan...","Khasiat daun kumis kucing sudah lama dikenal dalam pengobatan tradisional Indonesia, terutama untuk mendukung kesehatan ginjal dan saluran kemih. Pasalnya, tanaman herbal ini mudah ditemukan dan dipercaya memiliki berbagai manfaat. Namun, penting untuk memahami fakta medis serta cara konsumsi yang aman sebelum menjadikannya bagian dari perawatan harian.
Daun kumis kucing (Orthosiphon stamineus) sudah lama dikenal sebagai herbal populer di Indonesia. Tanaman herbal ini mengandung senyawa aktif, seperti flavonoid, saponin, dan kalium, yang berperan dalam memberikan manfaat kesehatan.
Salah satu khasiat daun kumis kucing yang paling dikenal adalah memiliki efek diuretik, sehingga sering digunakan untuk membantu mengatasi gangguan ginjal dan saluran kemih. Meski begitu, penggunaannya tetap perlu hati-hati, terutama bagi Anda yang sedang menjalani pengobatan medis atau memiliki kondisi kesehatan tertentu.
Berbagai Khasiat Daun Kumis Kucing untuk Kesehatan
Berikut ini adalah beberapa khasiat daun kumis kucing yang bisa Anda dapatkan:
1. Mendukung kesehatan ginjal
Salah satu khasiat daun kumis kucing adalah efek diuretiknya, yaitu membantu meningkatkan jumlah urine yang dikeluarkan tubuh. Dengan produksi urine yang lebih banyak, ginjal lebih efektif membuang limbah dan racun, sekaligus membantu mencegah penumpukan kristal yang bisa membentuk batu ginjal.
2. Mengatasi infeksi saluran kemih (ISK)
Daun kumis kucing juga sering dimanfaatkan untuk meredakan keluhan pada saluran kemih, seperti infeksi atau radang, yang bisa berdampak pada kesehatan ginjal. Efek diuretik dari tanaman ini membuat proses detoksifikasi alami tubuh berjalan lebih lancar, sehingga risiko terjadinya masalah pada ginjal, seperti infeksi saluran kemih, dapat dicegah.
3. Meredakan peradangan
Daun kumis kucing mengandung antioksidan flavonoid yang mampu meredakan peradangan di dalam tubuh. Senyawa-senyawa ini bekerja dengan cara menghambat proses peradangan yang terjadi akibat infeksi, cedera, atau penyakit tertentu, sehingga membantu mengurangi pembengkakan, nyeri, dan rasa tidak nyaman pada jaringan tubuh.
Dengan rutin mengonsumsi daun kumis kucing dalam jumlah wajar, tubuh dapat terlindungi dari kerusakan jaringan akibat reaksi peradangan yang berlebihan.
4. Menjaga kesehatan hati
Beberapa penelitian menunjukkan bahwa ekstrak daun kumis kucing berpotensi membantu melindungi organ hati dari kerusakan akibat paparan racun. Senyawa antioksidan di dalamnya membantu menetralisir radikal bebas yang bisa menyebabkan peradangan atau kerusakan jaringan hati.
Meski khasiat daun kumis kucing ini masih memerlukan penelitian lebih lanjut, tidak sedikit masyarakat yang menggunakan daun kumis kucing sebagai penunjang kesehatan hati. 
Namun, Anda tetap perlu berhati-hati dan konsultasikan dulu ke dokter sebelum menggunakan herbal ini, terutama jika memiliki riwayat gangguan hati atau sedang minum obat tertentu.
5. Menurunkan tekanan darah
Efek diuretik yang terdapat pada daun kumis kucing tidak hanya bermanfaat untuk ginjal, tetapi juga membantu menurunkan tekanan darah. Dengan meningkatkan pengeluaran cairan dan garam dari tubuh melalui urine, volume darah yang dipompa oleh jantung menjadi lebih stabil sehingga tekanan darah bisa turun secara perlahan.
6. Mencegah penyakit akibat radikal bebas
Daun kumis kucing diketahui mengandung sejumlah antioksidan, seperti flavonoid, yang dapat membantu melindungi sel-sel tubuh dari kerusakan akibat paparan radikal bebas. Radikal bebas adalah senyawa berbahaya yang bisa mempercepat penuaan sel dan memicu berbagai penyakit kronis, seperti diabetes dan penyakit jantung.
Dengan konsumsi daun kumis kucing dalam jumlah wajar, tubuh memperoleh perlindungan tambahan terhadap stres oksidatif. Namun, perlu diingat bahwa konsumsi herbal ini sebaiknya tetap diimbangi dengan pola makan sehat dan gaya hidup sehat agar khasiat daun kumis kucing ini bisa dirasakan secara optimal.
Cara Aman Mengonsumsi Daun Kumis Kucing
Daun kumis kucing dapat dikonsumsi sebagai teh herbal. Anda bisa menggunakan daun kumis kucing segar yang telah dicuci bersih, kemudian rebus daun tersebut dalam air selama 10–15 menit. Setelah air rebusan menjadi hangat, saring dan minum sebagai teh.
Konsumsi daun kumis kucing dalam jumlah wajar umumnya aman untuk kebanyakan orang, yaitu sekitar 1–2 cangkir per hari. Hindari pemakaian dalam jangka panjang atau dalam dosis berlebihan tanpa pengawasan dokter, terutama jika Anda memiliki gangguan ginjal berat, sedang hamil, menyusui, atau anak-anak.
Jika Anda ingin mendapatkan khasiat daun kumis kucing tetapi sedang dalam pengobatan untuk mengatasi penyakit tertentu, konsultasikan ke dokter terlebih dahulu. Gunakan fitur Chat Bersama Dokter di aplikasi ALODOKTER agar lebih mudah dan cepat memperoleh informasi aman seputar pemanfaatan herbal yang sesuai kebutuhan medis Anda."
